100 100
1110011101100010010011100000000000001001001010011101001100000000010100010011110000000110010011101000
0001010010010010000000000001100100000101101010001110100100001100101110001010010001101000001010000000
1000110000100100011111100011000001100000010011100100100000000100110110000000000100001111000000000010
1100110000000100111101110000001010001100100001010010011101111101011001011000000011001001011001000100
0000101001001011001001000000100010010100111000001010001010011000100100001001000001100100001001010000
1010000101000001000101100001111001010010000101100000001110100000010100100100000010111110100101000010
1001101000001100100000000000101000000101100100001000000010100100000001101010001011000101101010010010
1011110000000000101100010111001011000000010101000100100010001000110000000000011000001101000001101010
0000001000001101000100000000000001000010101011000000010010101010010010010010010000000000000000000100
0101101000111000010010110011001100101000000001000011011101011001001010101001000010000011000001001010
0001101001100101010101100010110101011010000100101001100001100011010100000010001001001101100101100000
0001001100000000100000111111001000000001010000000101100100101000000000000011000100101100101010000001
1010010011000111000001101010100001100011001101100000010101010010010000000000001000000000000010110000
0001010010001000001100000110010000100010011001001100000000011001011110110100010001100010010101000010
0000000001110111011000000100101110010000000000000100110010011000000001110001000000100000000101001001
1011000111001000000011001001000110101100001000110010010001100011000100010000100010010000101110000100
0001000000101100000100100010100000000100100100010101001010010001001100001001100110101101000000100101
0100101000011001011011100100001101100010110101000000010110110100100000000101001100000001111000010001
0101011010001100000101000101101001100000000000010010000011110101010000000000010011101100101010110110
0000000001110100100111000000000110010110010001001011000111010000000001001100010100100000010100010000
0101010010000100010101000001110000000010010001000000110001001001000000000100000110000001000111101000
1100001010000000000000000000000000111001001010011000000000001010101000010010000110000001101000100011
0010000000000000110000000010000000001010110110001001000001000000000110010101000010010000000001110000
0010011001100000010001101010010000000000000000100101011000001011100000000000100011001101001001001110
0100001001011101001000010001011100000010000011101010000001000100010100000101010010010100101010010110
0000100100100001010111000000000101000110000011000001000001110010001001010000010010011000000001010000
0100101010010000000000000011000100100110000011100001100001101000110110101010001011111001100000000000
0001000000101101000100001001001100000011000011100100000000011011100000010011000000000100100011001100
0101010100100010000100000100100000010000000110011110001010110001100001000010011000100010010001001110
1110000000010100100001000101010100101000010010010000010010100001001000101001001000100010101100100011
0000001000000010110100001000000010010001100100010100111010100100011101101101100100000000000101010000
0010010000000000001110000101100001010000011100001100000001010110001001011000101011000000011000000000
1010111101010110011001000000000000000010000111001000000000100100100101001100000000101001100111001010
0010000011000010000110101100000011000010010100011110000100000010110001001101100100111010110011100100
1100001110001001010011000100101001000000001010000010110001110000011100101000100000001000111000000100
1000100010011010100000110010011100101101100111100000011001100110000100000010010110100000100000010000
1000100010000000010000010101000101011100001001011100010110100010000001100010101000101001100001000010
0010011000100101110000000000101000000101000101010010110000011001000100100000000111001011101101101010
0001010000101011010100110100000110110101000000101001100000001010100010010010010001001011001000001100
0010010000000000100000000110001110000010001100010000010110000000011010101001001000000101010111101010
0010000010011000000001001110100100000110000100010000001101010000001000000000101100000001000000100000
0001000110001000011100101110010110001000010010111111010000011001100001001100000001010011001011011010
0110101000100100110001110000000010010000110101001001001001011100010010110001100000001000010110011100
0100100100101010000011100010110000000110000000101010010010100000010010100100100100011001001100010101
0000010100000000000100101000010000001100010000000100010001001000000100010010010001111000011000001010
1000000000010010010100001111001000000010100001100011000000110001100010100010101110110001000000000001
0000110000000000100011100011010111110000111000100010010000011110100110011000000110010010100000000010
0110010000101110000010100100000001000010110010010011000010100000010110000100000001001111100010000000
0100101000010000010011000111000001000101001110101010001111011010000000110100001001011010100010100110
0010110110010110001000000011010011110001001000000110011101100000110001010000000100010010011001010000
0000000000000100001011001000011000110001000100000010000010100010010001010101001000010100000000010110
0110001110010011110000101000000101000000001101101101000000100001001000011100101101110000001000100110
0010001000001010101010100101001100001000010001110000100011000001010100101000000001001101100000010111
1001010011000001101110010101011001000000010000000100100100100100000000001001100010000001101000000010
1010100001011001001010000011010000000010011010000010100000010100000101001000100110001101101000110001
0000000000001000010010110000110110000001000110110000000110011111011010000010010011000000101100010011
0000110100100100101100010000110100110100000000000110000000010011110000000010101100000001100011001011
1100010010100110101001001010011000001100101000100010000000111100100100001000000110001100100001010101
0001001010010100000101010101101000000000010100001001001000001010010101000110110000000011001010000000
0100000000000010010010000010000110100000001110101010111000011000000010011001001100000000010100100001
1000011000110010001010101011100000010000101010000000010000100010110010111000101101100000100101011011
0010001000001001000000010101101010010010000101001001001001100010010000000000000100010010000001001000
1000100101000101011000110010100010010010010100000100000101100011001010010101100100100100100000100101
0000101011000000001001111000001001110110001101100010000000110011010111000100100010010100000010010100
0111000000001100100100000001000001100001101100000000101100010000000000101110010000000000100000000000
0101010001000100101011001101111000000101110010100111000100000111100000010110101000110010100000110000
1110000000110010000000111000101001111010110001010101010010000100000001101000000000010000010010010001
0000010011110101001000010000100101001001000111001100001011001101011100101100011011001010010111001011
1001000001000000100100100111100000100101100000000000000000100111101111111010011001010110010001010100
0000011100100100000010101010001100000000000101000001011000010111101000011100011000000000100110000000
0001110101011001100000000001000100001100001010100000001000000010001001010000100001001010010100001110
0010001000000100100110001000010010000100000011101010100100110001000010111101010011110000000000000001
0111011111010010100010010011010101010010110101000110101010010000000110011110110011110100110000000000
0000000000000000011001001001000000010101000000100100100001001011001011110001000110110100010010000001
0101000011010110001010110100101000001001111100000010100001010110000011010011000000000101001011100010
0000000000010010110000000101010001000101111010110000000000000000000000001000000000001101010100101101
0101100010001000010000100000000000000000010001010110000000100000100101011000011000001100000010110000
0001011010001011001000001000010000001100100100000010010001000010010100011100000000000010110001100000
0000010010000001010110101001110000000100000100101001011010010110000000110010000001101101001000100001
1110000000001000000000100100000000010010000101111010100000111000110000000100100100000000000010000010
0010001001000100100000000010011001010101000010000000001000100110010000101001010000100100000010011010
1001100000000101010000011001011100100000001001000010101100000001001000000111010001001100111010001110
0010001010001000001000100001001100000010001000001111100001000001010110011000001000101000010001001111
0010001001100010001110001000101001100000010010001011000000000000000010100000000000000010000001001110
0001101010001101010010100000000100100000001010000010001001010001110000000111000001100000010100010010
1101001000000110001011010101100010010101000000100000100101010101000100000110010100100001010001101000
0001000101000010000001000100100010101001011000110011000000000011110000110001100010001001010100000001
0110001010000100011001100010010100000001001001100000001100010010001010110001000110100101010000001001
1011101000000000001001000110101100100010100100100000000100001010111100011110001000000001001101000001
0000000100111100100100000100100010110100101010000001001010000001100001010001111000101100101100010000
0010000010100001101010000010110000000000000000100000101101011001110000101101100010000100000100000101
0000010000010100000001000000000110010100001100101000000000001000110100111100001001010001100111000000
0010010110010101001110100110000010000111001001000001100010100101000001110100010111010100100001000000
1000010010000100101110000010001001000001000000001000100000101010010100111100000010000010010011001001
1101111001011000000101011001011010110101100100100110010000000001100011000001000001000010101110110010
0011011010100101100110111010100000000000000001000010101010010001001100001100100100000000000001100100
0000000000000100100010010000000000010111100000000100000101010010000000000110000010000001110001010100
0101010110010110010000011000010110000110000000000010011000000100010111011000000001010010000000010010
0000110101101010101000000100100001011010010010100001000000011101011000100001000101110100000111000000
1011001010000100000101000000011001000010111011010011001010101000100010110110100000100001101110010100
8 5
01001
00101
00000
01100
00100
10010
10101
00000
