100 100
2201 9325 1033 4179 1931 8117 7364 7737 6219 3439 1537 7993 464 6386 7090 9952 34 7297 4363 3748 9685 1674 5200 501 365 416 8870 150 6245 3548 6915 475 8644 3632 7174 8123 9058 3818 5663 3782 3584 7530 4747 352 6818 9116 1638 3045 4856 1980 5450 8205 6915 8318 3110 4970 4655 9626 8181 8278 6444 9650 565 7868 3977 6623 6788 2834 6014 8991 6139 1416 7191 8330 1768 2682 8535 6443 6070 8023 484 7689 712 5054 9718 9472 6448 2791 2762 8228 3718 201 3268 8841 8983 3803 6626 8417 5633 9466
5788 7522 4411 8978 9976 93 6286 8396 2117 8498 9197 3366 6981 919 7882 5975 9338 9083 3274 8269 6773 7945 5845 6789 5670 25 8822 8849 5425 7506 9828 458 3761 2903 9023 9575 2961 1500 9028 4182 531 1154 1363 273 7421 238 4607 4088 4401 1793 3024 5643 4756 1138 2743 2615 4181 8640 2754 4471 4824 7449 5275 8134 7762 1870 387 5111 6333 5625 6896 3080 4233 1781 4152 8357 3425 9922 7072 341 3692 292 6509 2399 578 2625 7301 8295 6990 8924 3614 8463 7386 3656 8583 502 6470 9434 5263 6984
963 4892 2059 3475 777 5019 1158 1252 5084 4880 2592 6818 9255 4134 2136 138 9186 621 9676 3565 9343 7550 2810 8337 613 6192 3283 5684 1622 3371 9394 7093 9689 3180 8066 1710 6390 4850 8259 8188 281 5330 6591 4609 296 2571 3290 5369 9229 2214 5555 7032 3490 4366 1579 6213 8972 5633 8754 7938 8724 3844 1070 661 1387 2179 2780 2728 8818 3489 4391 5443 9833 8288 4182 6031 5551 5575 1866 4771 3853 9895 8008 2217 9502 9030 1708 5254 641 6661 1199 6229 2413 2048 5585 1879 9624 6193 1255 9351
9015 3665 9272 1339 4370 5978 4842 9247 8753 1872 7500 4541 1765 749 4845 202 238 1502 6775 1885 655 3078 3926 9614 6897 2654 1893 7387 2742 3955 2604 1684 7128 6197 8895 4817 9014 4151 7815 5152 1640 3401 5200 649 446 172 4842 9774 5246 7370 6410 5132 6529 1031 1051 5199 9854 7468 1824 4097 3525 8895 7682 5829 4244 3001 8873 3405 5035 3263 4036 5905 1333 4600 1464 7338 1482 9410 5552 3726 6397 5026 672 5361 3060 5189 9486 4961 4027 5477 1653 8916 9486 9764 1508 4015 3607 333 3993 6582
1185 4391 9030 1161 1230 352 162 4764 5884 8081 7681 2526 1653 8215 5375 1263 8343 2838 2942 2450 2318 5239 5007 1751 8427 9861 4808 2069 3387 2321 8937 520 5178 9059 3365 2918 4897 7088 8806 2586 795 4051 4138 1055 7318 7047 8999 4099 8869 7199 8815 7427 178 6483 5548 2810 4226 7959 399 6826 9348 309 1021 5815 9503 2265 9724 2050 2269 4245 4536 6517 9241 6571 2820 1462 3826 7962 122 2909 8662 5197 8206 7181 3698 3905 5127 8111 7845 3687 6754 5520 9181 4509 3595 789 1172 8383 6040 2612
8382 3339 5108 4894 4908 9049 6088 2706 7614 9741 1392 2019 9930 8420 9359 6180 2888 2552 4105 6991 3565 9330 854 8110 6448 5701 6291 8438 2700 8916 666 8588 1481 4180 1655 4383 1371 2279 1343 7291 3948 6264 7092 6508 2699 5332 7178 2069 7994 3473 1952 7065 9841 8749 6688 1934 4841 4549 4066 6207 9164 65 3110 8656 7188 9487 344 504 9922 3968 4266 3385 2832 4665 2431 8885 3284 4476 5097 9596 4110 7313 2752 8935 5848 8041 6880 1995 3423 9347 6279 3355 4653 1771 395 1934 9327 216 8933 4856
2237 1231 8198 6123 9381 5099 7162 8241 5846 8657 5303 13 2029 7246 7365 5737 4993 8835 6543 5560 9362 8065 1852 6185 6265 3340 9124 63 4548 9800 8371 3258 7562 9844 8469 6700 5002 2790 7362 8699 3233 5888 8621 57 6376 9492 6977 6639 5505 9575 1109 8072 4057 4765 340 6668 2557 6509 4427 2918 1202 9919 165 5725 4334 6736 8916 4975 2491 7570 4249 7938 2779 7653 8361 743 4437 8360 1615 9676 6923 1142 5819 1097 7249 323 2689 8309 2648 1524 6585 4518 9912 4987 3422 8652 3403 3886 5471 4408
1123 1226 8572 6032 7666 8380 9136 814 2761 4864 9113 4419 5830 9988 3802 6431 9192 6548 2823 7923 4252 10000 5400 3642 4239 9993 4001 500 6596 5186 7074 4070 4408 3111 1188 2713 9488 7267 9526 2427 9932 4292 7526 8627 2662 2271 2262 7220 5916 5075 6565 3940 1897 3378 5005 1117 1743 3729 6504 5265 8066 1637 3059 736 906 9789 381 3548 568 8101 8659 7246 5610 4498 1934 2829 1560 3638 6548 3821 8110 7369 6191 2762 3796 3862 4647 7578 8962 9501 6383 3471 7400 4225 5408 8131 9725 1817 3503 1291
757 252 85 7870 5235 6277 9506 4705 3209 6552 2622 2494 499 248 6345 2378 8889 935 9252 6217 4164 2129 1302 7583 4970 236 581 8797 996 8600 2112 701 4482 1924 7086 1491 3114 452 8186 2135 4575 3144 7332 6384 5403 4390 4257 3982 4021 986 9632 9674 2871 5728 7020 9918 9179 8555 996 5787 8960 6760 8816 3266 8788 6948 1148 4376 1184 4121 2909 1582 2474 961 3331 7014 735 865 1494 8402 7686 8210 6066 1626 5123 657 2074 8707 543 7263 2100 6474 7308 403 8593 4423 1480 4096 5331 1405
4945 560 6295 952 4276 5131 2130 4264 6228 1919 4976 1541 6960 4020 8236 9128 3365 5408 5548 8344 6407 9570 7883 1715 2125 7350 8581 9152 9525 8520 8775 495 4773 2572 3276 6067 6377 8537 5312 1595 6709 5658 2070 9419 1062 713 4923 8743 5138 6841 4887 5223 5777 4467 5329 8521 8209 141 8620 1996 2437 5195 5334 5366 9389 1127 7402 4581 7859 7440 5966 6234 1280 9485 919 2204 798 8580 8063 9430 4127 4020 9400 5548 5924 6064 6595 5036 7611 9801 5577 8718 8315 2749 476 2430 4098 3623 9220 2185
1847 3024 6735 820 1625 8940 4353 1752 3347 4287 1094 9358 8624 1286 1192 3561 2840 8380 7079 357 9672 6031 7973 4648 3603 3283 9798 8087 3853 6970 7408 6015 8920 3093 7899 1191 4203 6673 3299 135 8716 6237 8426 7980 1251 6614 8356 9474 9578 6972 657 5764 7511 104 3109 4904 90 8860 1966 4958 8396 5170 8896 9371 9033 4628 8611 6740 8880 8484 6689 9875 9520 5042 7414 4946 2145 8295 7277 9605 2299 9011 2670 4140 157 6949 9271 593 6035 6895 6588 4612 300 1482 1475 78 6281 4405 7608 4455
6105 7887 5513 6364 7473 1908 7925 5808 2370 6802 2429 297 2819 4263 6025 2082 9659 4704 6765 4225 8417 4706 6893 4483 7102 5503 7959 3530 8050 6584 6965 1497 1055 2121 3377 2451 3755 428 1691 4148 2551 7860 1621 6539 3070 49 1460 7007 833 9004 3576 8757 6912 5680 770 1690 9057 6875 1943 4347 4567 2933 7859 781 3509 1428 6385 2028 7328 4820 8320 8158 6440 1903 9930 7851 1733 2443 6330 3296 2738 8531 4220 6825 8793 4728 8068 8925 3516 5522 7962 1685 140 5683 4383 924 8856 7213 4912 1650
3744 8323 4498 4429 4036 6744 2430 2133 4199 3199 6680 9188 9805 957 8729 9977 8345 2438 6779 4426 4584 7866 5010 4375 8049 3512 8171 6024 9814 7709 3959 5544 2886 9924 2968 9511 7391 8761 2448 952 8256 5341 8658 2212 3492 5166 8089 7870 5407 1939 2095 2295 4201 3686 1442 8828 819 9225 2819 1902 3706 9228 3267 8241 9299 5044 6918 5368 69 328 5002 3608 1385 3678 4590 5588 4408 9849 8493 6214 378 1993 5404 5685 2284 1857 4109 2347 9404 672 5685 1267 1504 1690 4914 5194 4078 4412 8677 815
5927 510 1283 2277 6542 6095 3965 1537 5387 4483 130 8441 5272 1838 5773 2062 9931 4441 6638 1492 9447 8646 7791 9247 6860 8777 6451 4933 3594 4958 8996 2181 883 9831 8331 1800 2869 3941 3522 7120 4497 8944 327 4102 8828 4438 8685 4288 7753 2065 6607 1699 6119 1131 8916 5949 8925 9101 8312 9516 498 5048 7298 2166 2552 1218 9490 2325 3543 7931 5496 5981 4789 2617 2549 6254 7204 6646 1931 9846 2378 4419 4838 9890 134 8802 158 2172 6217 9206 1657 7528 497 7077 9806 6918 4523 6064 6691 6654
9925 7569 872 1625 7712 612 9 689 1820 9623 2286 8690 8324 5837 9028 4438 9309 5839 7764 4016 3929 1729 9213 5860 2599 1907 664 5139 6920 5673 4153 912 7124 6798 6165 5877 4815 5590 7225 3900 9988 8503 2365 918 5595 1859 8405 2821 8897 7986 5586 1990 9548 354 7868 3427 6278 2862 6508 3732 1633 4069 5498 5391 4016 7558 7719 6054 8071 3174 7077 7218 6534 8880 1972 9362 7999 4365 2051 2455 195 6162 6793 1785 429 1222 2997 7516 6177 8225 4726 2547 2527 8595 1732 4171 307 7609 6497 3741
8810 6402 87 8914 4087 6929 2603 2933 5611 3918 1246 8787 9139 2636 2877 6155 9590 353 8406 3553 7002 3861 662 8448 3116 8258 8794 1265 4061 6523 7617 1951 9289 792 6340 1469 9174 1549 7846 736 8494 3918 199 341 5111 7641 4555 6808 2731 9747 2182 9202 5215 8760 7351 8218 6842 9073 2746 6479 6374 3288 8116 4561 5898 2481 4250 9287 4579 2869 1370 5906 5506 2338 4234 4178 4133 5723 6295 4573 9264 7663 220 2441 2134 4140 3701 3219 1154 9492 8807 3250 8896 7032 3929 9463 2280 9075 7544 6411
3208 1352 1264 2508 942 495 6641 6268 6836 2252 9683 9779 2116 8822 8951 1215 3952 6253 2284 4680 3316 6507 5846 2921 3688 4879 2356 5697 8062 8771 4780 1451 8426 4897 3421 7593 358 4756 9709 1688 6105 7267 4176 954 853 5170 2619 2168 1692 1843 7131 9609 4028 3405 8261 8318 6501 1991 3476 6288 8477 2194 9475 4171 59 1980 3302 9219 6193 7897 8929 3779 4385 617 2748 9082 8238 3819 6724 4484 6900 6529 4456 8093 1601 2123 3058 9167 260 7437 734 8002 3511 6454 8825 5509 3989 1540 1263 698
6924 7238 3093 2838 9753 8224 3112 8351 6304 8549 5907 3228 3812 5893 9601 1056 5587 848 7511 724 2896 2419 4678 7686 705 9557 8209 1062 9264 6492 1507 6552 8384 9378 4936 6461 4389 5770 7710 804 9047 7817 285 6993 4990 9644 5198 2447 9766 9655 9105 4551 1079 9947 5914 6801 6406 8516 387 9431 9531 1859 605 9401 8676 235 1653 5440 5516 6034 9025 564 6064 9547 1215 7945 1372 8840 7310 5480 8193 8914 55 2633 5325 5912 3505 2394 9506 2428 9659 1767 6618 5197 8333 6895 5898 5593 4256 9975
6037 616 1039 4041 4350 6505 9017 4650 9400 1367 1227 2791 4379 6779 1364 2068 4627 9024 4305 3847 3450 1619 4540 7871 771 8391 4936 3340 8907 1230 9022 5168 5565 4850 8456 2183 577 7245 5962 610 470 5168 6840 2683 9125 665 9639 8615 6956 3020 3234 3814 1880 9624 2130 9612 8294 2006 4367 7509 3216 905 5919 7473 5487 5811 3600 153 228 8007 528 2693 4150 9043 653 150 3769 1386 8590 2839 575 8653 3280 3431 7257 4731 3981 8036 8288 6084 5323 6422 1203 3198 9737 2973 3072 4865 9523 6983
7766 5955 379 7984 338 1716 9469 7085 9538 5629 5552 1213 6884 3199 8425 8099 9960 9234 9017 8209 7825 9829 9432 7374 9891 7719 2709 4395 8592 4940 9231 6495 9951 8842 4245 4184 5083 240 9905 751 7496 7496 5825 3803 8322 7277 3426 7798 5498 2372 6289 7165 888 1822 5837 134 4191 8865 885 5020 6205 245 5316 5540 5059 9653 814 3417 1339 5384 1964 1085 2103 4821 6711 9952 5583 3810 445 2998 8260 9405 5993 4956 4812 6193 6888 8624 7560 1215 3260 6679 3794 9959 691 3944 3679 3989 6466 6215
3443 2490 4902 5899 23 5034 7278 8157 2799 2398 510 6074 7159 9075 5601 8408 8023 5203 9892 1827 9561 4788 8979 4523 7037 185 5090 1416 8059 1883 8210 3613 9922 4336 7156 6106 3777 888 1679 9779 8441 8424 8377 2671 2125 4785 791 1119 3575 51 1012 6929 344 1084 901 146 571 8813 5556 5451 307 144 9159 3462 7683 3278 4362 4839 9530 9022 8544 4118 3825 2992 3452 6413 979 3909 9098 7415 579 5429 5352 6664 1961 262 9216 3031 8283 1534 3028 3577 3684 2892 4983 1602 963 5142 2396 1029
7260 2458 3783 706 4689 5641 955 9659 1462 7250 3280 3732 3032 1952 941 3315 885 1899 1432 3601 4687 4130 8637 6927 4073 528 4124 3191 5337 5733 5852 7442 6266 6332 1464 6981 4005 8017 5631 2926 9911 1865 3927 1184 7153 4537 8720 4977 5489 6071 6705 7476 5969 5765 5175 6488 7722 8376 280 6066 2086 4954 2752 4951 9286 2076 8987 2449 2734 7498 2494 2214 2639 1305 4159 3857 5831 5164 2810 4542 7750 5074 1265 7018 2523 9010 5787 7367 1760 2552 5174 1133 3060 7857 8758 572 767 3140 5832 5997
8318 5821 8251 6136 5604 1972 3025 6151 534 4438 3443 1022 4046 4987 5358 9229 6602 4003 5893 810 3797 4760 9313 111 3200 1591 2219 3649 6043 8292 4366 2307 2660 3736 1235 5102 9394 8367 8343 8838 9834 8878 7079 7198 9516 8384 7782 2996 8395 5826 3202 7095 1215 4537 3362 3750 2331 2188 3411 347 2680 7957 5945 3013 807 5903 1351 9989 3888 3463 1426 7229 3216 9856 5610 2703 9422 294 3564 5178 7870 9045 593 858 6009 8191 9161 5726 2220 7998 1119 8375 5223 9292 5104 9914 5206 9386 1467 7879
5537 6808 1171 4293 1031 5291 312 2952 5365 3699 5129 4300 4135 5017 7988 6815 196 4825 2660 4764 796 1897 7068 7055 3561 4559 5840 9265 8096 9437 4608 9970 4192 2824 5286 2339 5762 1549 6504 5846 8557 9289 3150 6485 7360 2458 7882 3979 618 4056 1294 1155 631 8509 8308 7727 9338 7934 5361 8526 2792 9225 8145 6515 216 6324 9054 9211 7381 2709 9721 9644 6113 845 6034 5782 7172 3891 8956 4974 1445 7239 5850 3198 2643 2206 7245 738 5964 9295 5524 2841 9318 8034 7836 137 9436 3833 9985 973
7276 2679 8348 3413 6558 7633 2020 5157 4293 2266 2773 5405 2156 2956 8687 5048 3838 9083 7002 7668 7503 8363 9046 5096 2781 8518 8311 5059 9699 3387 4629 2532 105 5578 1950 6970 6226 8401 2931 7201 7363 8736 7247 5959 3381 885 1395 1758 1594 8818 6349 2249 7264 6507 2981 7782 7355 8551 9725 596 9619 3177 9673 7372 8000 6385 4763 5714 2843 9795 4477 2955 451 9116 992 1063 9012 3765 7301 5226 7235 5493 1665 6362 881 7672 4558 6707 7623 5427 8314 1573 2690 6574 8864 6999 7827 8282 2440 5234
2391 5733 2248 3170 3685 3540 7438 2551 1694 1686 6966 861 7431 2485 6136 9178 5269 4589 6521 232 6349 7980 7296 4942 4965 9522 6340 5130 4745 2853 1643 8017 2944 7303 2512 7515 1728 8816 2021 8784 5219 5183 8098 9158 5587 9525 5239 9213 9704 7579 5296 7936 6457 8786 3573 2721 3948 8790 3279 9740 4019 845 5258 1008 5378 6877 486 5640 5890 5923 9834 9753 6698 3426 4728 3679 5137 6511 6300 2877 137 6368 5737 9899 3640 3832 1079 5247 6302 3338 4811 1568 7110 64 5751 1527 6682 2510 1825 8742
2939 5576 2363 6153 7159 5333 8883 8567 4541 3417 3177 2594 2699 8812 2629 2403 1963 7242 9583 8554 2128 7066 2192 5469 9940 5198 9743 2246 339 5875 2853 3707 3850 8142 9706 8007 561 1470 2188 8730 7682 9253 2339 3424 5906 2258 4588 5710 1062 6285 7785 488 8667 7565 3227 3946 3377 82 4981 690 4374 8502 3103 1177 1734 1804 6558 5437 1717 7297 9449 8564 7911 4597 2338 7064 6086 5716 6286 6740 7146 6030 8994 3374 3205 1069 2372 3899 3931 341 3949 6448 7483 7221 9302 1562 887 2823 8638 124
726 7048 4562 6806 2175 3861 6133 6794 5600 9584 774 8295 7446 2117 8571 5964 9580 984 5723 1920 4021 2040 7155 2436 312 5987 2128 2465 4722 405 7739 438 7914 1099 9660 7061 1504 7697 8914 9874 8213 1587 2108 8825 6448 9863 8927 6719 3961 8574 6223 7824 5197 7173 1913 1101 3451 9696 6050 1709 1575 5814 1731 3209 1820 9680 1433 58 8394 7075 3841 1498 5035 7988 1012 9395 7029 9182 4886 6423 670 9752 474 4534 7837 7174 3586 4401 5269 7826 7235 8749 896 4405 8416 2847 7175 7463 4844 9587
9665 2991 5258 8355 6517 6779 9174 9779 6527 7821 3615 5019 280 1034 2422 8086 1897 5891 4246 5067 8867 4964 2269 1750 8222 2260 7456 622 7303 7694 9334 5336 8879 6083 2050 239 8810 3301 4401 1061 7568 4641 196 4356 8223 354 9268 6577 1835 1603 5279 9919 9385 7329 1499 8165 8679 5631 9650 715 3079 2778 910 1905 699 1921 9094 8679 4998 3285 2652 8737 2460 3734 3560 1469 8252 5781 9219 7132 4371 2206 4684 9465 4065 1139 9765 4339 931 356 7075 4625 7776 6912 7151 1112 3035 3519 557 7035
6791 5812 5815 8382 2428 2931 3702 3759 972 5988 1097 7314 5273 3565 3589 4222 2539 8535 6249 1756 7825 30 7735 5114 4300 4770 3416 2175 6234 573 6267 7488 8770 398 2159 3794 8080 1623 4850 7145 3291 8454 5471 1611 4076 3972 8055 9419 1899 2912 8134 5873 9744 7097 6558 9070 6911 390 6541 2318 6975 2084 993 4791 6367 7045 1562 3302 9801 4446 7844 9755 6918 4331 8334 1746 5338 2507 9194 8812 4254 401 9200 1590 6074 7441 4340 1551 4654 2277 1387 6657 6233 456 7846 9547 2129 9176 6412 8060
3817 8345 461 6160 1013 6726 9842 1376 4093 649 7443 1372 4810 648 5695 695 1119 1199 742 9579 5025 5807 5044 1487 8805 7710 5858 5355 2803 5819 8621 4094 5362 9879 3812 4068 3566 5091 5014 8786 5288 4944 9630 78 7883 4140 3771 2417 3959 2641 1384 4253 6532 3319 2256 2703 9063 1212 5180 6325 3457 2594 633 7302 3539 6565 1845 5092 3601 4746 8380 7304 5513 1366 1123 1154 3783 1963 8578 7595 9111 7510 160 9846 2746 7506 7089 8852 1797 3149 254 3987 5042 3509 8503 9936 4819 5046 4327 5725
4352 4710 778 476 172 7230 694 3379 1260 5171 7408 4984 1873 4040 1819 3163 493 3189 2222 9768 422 7212 471 9166 3725 7785 2832 8718 144 3669 2267 1027 261 2246 5248 9448 1387 8477 8833 4275 3192 6527 129 8909 4582 5765 4242 8893 6315 6619 8685 8660 8737 7626 4570 1450 2948 7852 9220 6454 2180 3412 8616 420 8473 846 5196 2371 3585 5220 6502 669 6691 9722 7778 8234 1063 563 2148 9099 6729 8944 6383 8917 4449 9696 727 3565 3183 4984 6230 4908 8485 374 9331 4370 3124 8779 8533 8742
2660 3766 1440 3455 7871 2698 862 6595 4632 243 2473 1620 651 9619 7046 7780 2870 3573 9278 7678 1766 6632 3669 1039 2082 5536 8291 7779 8087 8392 6022 7089 9540 4064 7259 4257 6620 5830 6328 9278 3749 6180 1740 2963 9827 5644 1240 422 6872 9604 8095 996 7541 1804 3837 7449 5753 8387 1496 5491 607 4533 9656 8584 5488 2126 9368 2737 7042 5105 7254 3986 8016 6287 453 8212 4173 1972 4698 4255 406 9265 1383 5318 8429 2967 3586 4810 1327 2792 7462 6094 6535 7419 7734 1683 9219 8007 9216 1365
557 970 307 4567 596 4403 5094 2888 8808 7821 5527 279 7450 5601 3891 3709 5666 948 375 7216 8389 3246 6450 2508 2937 3800 1332 6471 668 2854 5247 76 7441 8821 8627 2663 625 6923 3639 4214 8505 7174 3094 664 9916 6186 6726 6528 8378 6980 4454 7252 5521 9253 391 1282 7741 6870 2654 7054 2627 8901 8336 8319 8253 2816 4377 6766 7885 4678 5690 7482 6513 9035 6169 4691 3934 5879 8883 8924 8701 3695 4337 328 1187 4313 6386 2628 4324 9632 4134 8038 257 2610 7922 1810 3598 2491 1850 6297
930 2827 1116 1553 7674 8998 7672 409 948 4447 840 8671 7738 3405 5828 9756 7173 1810 5551 5217 6262 6374 4752 1353 3755 7231 9191 5726 7002 7067 7140 9618 4366 3057 2471 865 5412 5761 6168 1102 9715 5208 9435 2901 2380 1877 8707 3347 7819 3819 5873 8641 2646 3331 4899 2813 2265 6552 6975 8014 5748 558 8719 1232 399 6031 4076 2550 3497 6491 7268 8358 9654 4468 6981 9775 5537 7896 5581 1329 9702 897 2281 9112 7699 2886 1488 133 1067 394 3004 4564 3182 7545 6590 8877 8376 4445 4325 9122
6296 1726 6476 7591 3955 1166 5123 2202 9890 434 6202 923 4758 5652 276 7194 5197 9581 164 8726 5173 6423 838 9564 7317 1594 6939 6654 2019 9264 286 188 9126 9759 6692 5705 2876 6627 665 2345 4677 8461 6732 2722 9343 7686 4811 9548 9758 4199 572 6402 8832 9722 6750 2399 5308 2791 7425 6440 9460 9112 2057 8246 1295 9915 9638 6437 4267 6419 8014 549 4762 2614 4404 6360 4491 2045 4185 144 1959 1750 7667 2479 7632 3946 3893 680 3683 1309 1774 1581 613 9486 1868 717 4132 6798 2400 5682
1868 819 6382 3661 2608 8786 9406 8017 2811 5771 9908 6521 8396 9258 2807 5340 8685 1154 815 248 9428 4880 1628 7382 1427 10 779 4606 8990 4997 9689 4168 7514 6278 1920 3661 5015 2058 8351 8216 394 5997 7312 1546 7060 2544 4502 1865 6114 4134 3457 5382 2308 9145 3653 121 3769 7905 5879 2084 6691 5619 7003 7208 1833 4101 868 8640 4838 8440 5221 3261 3411 3758 3965 6162 5685 4201 24 8063 8303 2302 7007 7925 1481 8461 4522 1637 3592 1776 6981 6636 2329 1879 7202 8487 3545 2642 3529 4465
5991 5349 5690 4125 9287 2446 508 3626 4214 7899 9764 8781 261 5602 274 2859 3291 4252 3769 1197 6981 6046 6067 3105 1729 74 6427 5555 9390 5403 6723 5620 9642 4216 6595 4519 5787 1229 7164 3654 7733 5671 4633 479 1739 9743 8701 881 2802 3691 8773 7197 4814 6935 6528 74 1114 6502 2502 9617 3402 7768 6451 8089 1619 6719 2703 8074 3521 5059 9134 592 4895 4800 2274 4113 8426 4978 7798 2185 7150 5463 8542 5262 3455 4552 650 5088 8231 9416 4827 8146 4899 4328 2616 4747 4311 5472 2441 4241
6344 7240 8108 2760 6284 648 1519 9549 3370 5193 837 8567 5004 657 6807 1782 5307 2117 170 5642 3955 5805 8505 7119 3945 8524 1370 535 5487 311 7267 427 2760 4604 3431 7026 4739 2702 719 637 8146 6395 8870 1826 6225 4716 7145 817 3753 5466 6869 9631 9433 7977 9829 3328 9494 8378 1457 5514 6629 2938 3857 8472 7951 1183 6865 6475 3574 4188 25 4618 533 4260 1397 2945 4139 7353 7122 5004 1644 4870 883 7818 2876 4168 8991 3420 2065 690 6541 9024 162 9292 8245 4867 44 6253 5568 1586
4207 2653 9794 3275 1189 2864 9461 6179 8696 9285 381 3609 6654 292 69 8646 6810 2879 874 6484 6789 3127 2607 3638 1500 7404 8847 8919 5479 4098 3142 8306 9762 4190 6366 4053 4791 4223 2410 4357 5925 9476 4514 8196 3586 3101 8799 359 1726 3581 4516 2764 5276 3598 2667 537 9969 3590 6355 4288 4219 3477 4281 6152 684 540 2520 8143 7152 4937 6005 6646 5833 3243 4695 4591 4329 7918 2501 9504 5842 2318 6385 1002 1183 4263 1234 8087 3410 7435 5038 659 4405 5523 70 8116 7068 7067 6940 6006
9970 7961 3171 7086 6415 4738 1574 1325 2639 5524 5985 9313 7035 6258 2016 6167 850 7106 9962 3294 1846 3755 7826 6285 2832 2180 3606 1570 5683 5294 8286 7200 2731 6199 7933 9228 3018 612 8251 3251 4095 2151 1957 4484 9125 214 80 6093 4677 3516 891 5108 2425 2087 1103 2562 9657 6849 4397 2141 1195 3167 2632 9863 6828 3548 6432 8864 8031 2836 9883 1055 8167 3977 3340 1192 2484 4006 3101 9996 2413 8983 4252 1069 9405 6097 1292 5824 8655 4567 2937 9288 7695 7103 9122 9432 9175 3616 2066 9075
9650 1925 7135 7022 6024 3668 7270 9211 6418 5448 9293 3004 857 798 6017 7591 2646 7645 9386 6114 5768 2559 7493 3292 8951 7819 8781 4623 9794 3408 2080 9978 3610 4631 1733 1442 3718 6953 8389 3509 4926 8064 1010 6154 3342 875 5062 4905 3453 7023 204 7482 5334 6876 3997 1724 2762 8280 835 6261 2669 282 8428 8125 7950 6042 8998 6988 471 9730 7142 6376 3891 8485 133 9171 707 3272 5170 585 2209 7187 2924 7406 2398 2352 4122 8257 6258 1521 8395 2022 1162 6283 7928 6006 3449 616 8680 6706
3613 7881 3238 2766 3878 3229 8685 5547 4893 7822 9411 8288 3853 3490 4613 2019 9337 167 600 5167 1457 8655 2925 7473 8859 1318 6713 2298 8913 710 2296 5237 5876 7405 3121 6558 7595 1407 6460 5994 160 4671 3466 9575 5833 6135 122 1554 7296 6640 5024 2839 4901 3592 5406 5446 3470 670 834 304 2981 9848 7576 5312 601 4357 9726 8608 4448 1078 4094 194 2130 6771 5692 4423 8166 639 6320 1815 5001 6868 4066 3758 8485 9559 7143 9290 4325 170 95 2482 7781 2443 5735 1271 9796 4054 9124 9015
2528 2174 6570 2274 5409 3183 2121 2242 9961 1908 2084 547 9763 4558 4473 5774 121 2381 142 1044 7474 7091 6514 5069 2190 6417 6980 5898 7338 5731 4790 7785 3041 4406 130 5103 3767 870 8183 977 123 1296 9730 7589 41 4021 2170 6423 6364 3645 9724 4535 3003 3574 2646 1484 5412 5683 1411 1998 9113 3780 3353 5383 9177 8788 7339 1356 7067 9365 5838 2704 2967 1665 5804 3026 8081 1298 7472 7067 3582 1038 1109 4123 5378 6423 6035 9528 5347 7050 8464 9808 1158 3116 6744 5695 8630 8146 5678 1955
7330 5395 142 3690 4982 6731 2292 3137 4556 8339 757 2659 9503 5079 933 1822 4353 9656 1829 2944 9145 7408 9336 4060 7676 7060 894 2308 8074 5895 8241 4780 6150 1458 9272 7161 2127 8337 3820 7012 7975 1026 9678 5926 8717 8530 3032 1015 3342 3105 304 5686 3893 3912 8632 8625 6729 9147 6799 2706 3845 12 3598 8362 8727 929 2545 8990 1478 404 2331 8922 4365 3761 5911 5448 2257 1536 4191 6760 5826 9729 695 8986 1018 7508 619 5152 5101 4918 6384 5026 6306 7904 4827 1964 9585 185 1732 6946
1205 3417 2016 154 4024 7687 1161 3484 5584 3519 4850 4681 7620 7620 9147 9390 8346 3447 7583 6168 1368 505 1208 4929 7362 3356 4837 6788 3030 9940 6466 6144 7586 3626 4041 8088 230 4794 4396 7768 8085 5767 1793 9718 1964 3507 7315 6357 3522 6899 1010 2883 6332 6964 6120 8611 2321 1113 8384 2617 736 9538 3475 8237 8905 7623 5079 4930 7790 2207 344 7392 7105 9481 5653 7138 5952 3569 4427 3331 7555 9456 7762 4446 6806 4661 4537 7271 1078 1821 5328 7335 4706 8501 3717 8340 5246 4067 2540 2572
4166 4065 6746 494 7033 6522 3692 2228 1178 1389 2707 7679 9866 6217 3602 4786 9892 6410 4396 129 4650 2454 1968 7061 4615 4930 6859 9079 1002 2436 1595 2712 8492 7986 7095 1817 942 5876 5213 5033 589 5017 7392 515 5638 4660 9155 3483 4316 4486 2764 4701 8381 5541 9099 1471 583 2108 2155 6286 5293 5553 7717 2743 4799 447 4346 288 8903 9320 378 6887 8835 7600 398 8342 6375 1740 2039 9408 9330 270 6286 1464 8180 3519 5797 9592 532 6713 7734 8884 5229 3101 137 2082 7731 7713 4105 7083
8438 1648 6818 7414 9033 8459 4835 1525 852 6942 2521 5749 3246 1356 7477 5927 1815 9706 9928 5426 1651 3334 9868 5204 2599 2629 5413 1336 3418 4804 9125 9557 1078 8039 9257 7557 8195 7283 6326 5965 8574 8603 7781 2856 2335 5 2869 5054 2903 2457 3398 2201 3995 7494 2261 1389 7936 8297 8979 6382 6460 6948 8916 8257 7145 7710 4589 7823 2054 3240 6193 576 4494 9994 2301 7211 3564 2541 6394 7246 1012 5693 3701 2557 4680 9711 9320 8023 5419 2508 9851 1056 6445 1198 1215 3 492 1229 1430 2147
8984 4121 1007 3414 7057 5533 4563 5823 3280 2596 6713 1313 5805 1888 6926 7384 5464 8227 1664 168 916 2428 6680 9825 3458 3306 1116 2625 7461 8417 388 5358 4825 5084 2512 7411 857 718 4720 2611 399 5173 390 2423 4131 1747 3825 4202 9367 8104 8176 3143 1267 2144 4679 493 3866 2580 2865 3990 9698 7538 1760 56 3204 9301 5989 2795 4425 1552 1321 4920 3801 6173 4877 8929 2223 4936 2282 4877 8745 1974 4904 8571 1645 3419 7209 6547 1602 497 6477 7811 126 4814 7689 7680 6046 2951 3429 7818
8980 3269 8502 8755 3710 2257 7088 3253 5974 8050 3733 796 4024 1883 5950 1093 698 3482 7076 5424 6668 7362 7237 7543 9757 7357 6080 642 3335 4252 2134 8488 1773 6800 3276 5367 1689 85 3658 3251 6294 3193 4964 5062 6134 3812 463 4090 9774 4545 4996 2971 1873 242 5700 2529 9270 6383 8046 7456 1840 3703 9820 5754 1011 1345 3955 2813 3232 7006 2302 6203 6568 9628 5769 1347 609 8961 7461 9397 5793 4716 6096 5390 6129 180 1872 6338 4942 4478 957 8382 7860 4529 855 8055 5205 7017 7466 9532
9201 8399 3607 2794 8380 675 6569 4202 3143 5156 3299 1831 2740 6890 6908 9270 4143 9945 2115 1520 4227 3927 4578 9348 3013 7424 6973 277 2368 5001 8360 2269 2327 6742 600 7653 8313 8119 8481 732 6339 1736 4818 6773 7591 1760 8723 7000 6724 436 4300 9843 1013 4773 4249 5329 8289 470 2295 8910 900 3576 5176 1591 2685 4945 6764 8512 2348 1299 8577 8122 8535 1032 6976 5988 2450 7545 6655 5369 4620 8168 9088 1272 8680 2213 295 1440 3362 9975 9748 5959 7863 8444 2430 2863 2175 6957 744 1222
5833 5111 4115 5904 6062 5080 6663 6530 7797 7180 6035 5343 6761 2482 2175 7828 4102 4142 6998 9463 7725 9916 795 4819 8690 8082 5646 8111 2152 7321 2375 7771 2477 3812 5457 1148 9066 9217 9630 5983 2784 6881 6715 4986 4420 3617 164 7861 5856 1327 4304 7961 6436 7526 747 6999 4146 7984 8686 2450 5275 2429 3374 6246 1994 1816 5265 2354 7684 8535 7358 8617 2529 8093 2553 996 3103 6530 5479 4239 7996 4740 605 7142 1318 3515 437 9429 5243 6631 4778 4032 4919 7075 5734 7237 5314 4549 1972 6091
556 4730 3330 9629 1781 9874 4232 277 4227 5474 1808 6530 7549 4831 8948 4581 6106 2366 8064 944 1710 6207 7281 5128 113 7647 3853 2234 5137 2457 3340 7949 2815 4611 5644 3592 3399 1003 9893 7446 4519 7593 7552 7696 5983 6999 6929 1118 3687 5644 909 5324 1703 6284 8931 8189 5421 2335 3327 1121 4395 8140 7971 7677 5220 7626 8906 1312 8068 9780 4589 8946 1858 9360 2158 6824 1526 2368 6263 1577 6942 9124 3575 2402 62 9171 1842 1661 1342 5412 2037 9551 9162 6133 6828 6464 1222 6780 7390 4918
7140 7219 6519 8923 9965 2185 7491 9902 7833 6342 1736 5440 4545 2312 4337 713 1550 2727 583 73 5356 5536 674 2651 6911 7194 283 7067 9002 9270 6582 2001 6474 931 450 2234 3934 8273 7963 6398 5142 2102 4726 2281 9314 9275 2293 9077 2315 2388 9641 3882 3250 502 3482 8022 9163 7503 5961 7695 7013 8700 8 6881 3908 6209 4368 439 8614 5307 1781 8409 4023 7020 4210 2117 8537 7664 9301 8968 6019 4127 1984 1493 5732 6634 7240 5975 6911 8298 7195 8187 6170 8794 461 784 7995 5285 3784 1689
320 5733 1262 2942 7784 2010 3786 2371 7531 1238 2747 4573 7756 5979 3061 3818 712 4789 7266 8909 9077 7425 9753 4618 4025 181 4981 7702 2437 3251 3227 2973 5017 1180 4206 2761 6416 9600 4954 2963 7447 6522 1532 5855 9889 5845 3779 46 8857 2694 7448 2060 4624 6335 2435 5519 5618 4105 52 2349 3082 4215 3491 102 949 595 7525 4661 3644 8576 1798 1277 9889 2451 3325 2919 511 7139 2570 2813 7208 5252 848 7318 8224 5859 4701 9480 2091 8903 8550 863 3985 1862 7408 8054 3764 8420 5186 1828
5012 2472 4365 6877 4343 1880 298 69 6074 8222 3015 931 5361 2606 693 566 482 4283 4058 503 4772 7900 9801 8180 5534 9620 1464 3269 2869 5755 1462 6063 2366 5898 3176 7564 6204 7342 5680 9619 1281 4043 3823 1558 3865 1444 5115 8563 6058 1328 1999 9618 9787 5904 4085 9114 4646 5073 2040 2742 6661 3469 7600 2237 3226 1300 7108 1191 6244 2522 9344 3996 4939 4198 9859 8381 9395 7847 6329 1922 1779 5891 7443 7897 6466 3478 9608 5463 2462 4398 5327 3209 9796 739 6593 4354 5274 1760 2172 3343
6117 7706 5317 9243 707 901 7510 2197 7442 8174 8345 3495 4556 4218 2556 4654 1947 5206 3662 5597 5122 3218 1991 6809 3456 6888 2179 8387 8704 1455 6367 478 6322 2281 6453 5664 8458 6497 9866 2397 1527 8573 3781 3269 7969 7749 6204 5204 4138 9132 145 8657 8585 4268 396 6245 8549 6442 2370 2793 10000 4252 1627 6664 1869 7824 6619 879 7992 1337 9241 1302 3645 5524 6321 5627 5827 4109 3957 6715 2250 3626 6571 760 4035 3079 9304 2418 9292 5554 3070 1780 3412 6891 861 8400 5447 8798 5921 5722
7154 3733 5741 6238 1168 3687 7667 2102 5846 6041 1513 7586 8445 6848 6184 4306 1201 7500 7649 2443 4319 232 8644 5936 6942 3873 5753 7630 5429 7220 8512 189 2371 3939 1621 3691 4467 5983 3669 9255 3021 7287 5862 6025 638 2990 6368 8713 5788 5695 9047 9358 6697 4951 8341 4264 7508 1345 872 1696 9124 4415 5073 3481 6996 9129 9591 3277 4027 4570 1504 6834 6426 8290 4714 4790 9910 7957 1512 6765 3677 3275 7890 1988 8432 5883 9313 8907 1366 512 1338 5295 4003 7251 1486 3157 541 7230 2175 1402
7715 1056 818 2363 8096 2055 8097 7144 7852 4823 185 9950 4097 8916 1949 9782 1495 8749 9158 5984 548 3821 8832 9182 2482 357 6240 686 2170 5463 6277 9094 1189 9866 7379 5046 5371 3388 6995 7929 1049 6237 4131 74 1725 4949 3605 9288 9471 6192 215 6413 1239 9628 1475 3989 1025 6867 8632 7320 9063 5096 8265 533 2354 8092 7949 6023 2457 8972 1908 3381 4387 8880 231 8140 9652 7419 2359 2417 5180 6557 7233 4467 9923 7512 9696 6067 6501 9427 1374 358 3534 8997 3651 4039 9987 5692 7099 9120
1574 1358 479 3824 5431 3933 3288 8666 2683 8995 1376 8357 2644 1007 4920 4105 9608 5469 5702 6942 6090 3372 24 9522 8177 2144 2926 6244 32 2986 274 4340 5994 3577 6666 3100 3989 6850 9612 3324 6804 9346 6217 706 2802 9570 23 3404 1643 940 4770 2414 8966 6439 9999 5903 3014 9655 2762 2677 8398 2410 8188 1449 7331 2994 4717 4376 5730 7250 3970 9379 712 3748 3567 4404 3922 7049 4586 3852 5893 8030 6732 3308 7512 8413 8677 5170 762 3809 3647 8843 2542 6936 2019 8912 1203 6826 6976 8398
6241 9845 7505 1550 3319 965 6401 3418 8932 3457 7081 8610 8361 8390 9884 7724 6131 1723 6166 4816 8324 6021 5124 2880 6909 8891 4037 3118 1230 3718 1400 4170 6883 3655 8067 4193 550 6454 5647 6578 7606 6829 3347 893 4676 3806 2473 2342 5517 8852 4860 9535 7395 6973 4937 6129 5131 4248 3724 7430 6460 5401 625 9475 3448 1561 2234 4048 5760 2357 8202 7323 6538 4107 206 6827 5173 2344 5218 1133 3389 6329 3446 6552 8360 9041 1477 7671 3462 1844 2271 6226 1831 6327 8479 9633 4015 7648 7912 8904
1340 2651 95 5781 920 9258 7529 2236 8190 6286 3306 3093 9880 1004 5573 3222 7843 4592 2927 8980 8149 8281 8645 6836 787 2543 3151 166 5039 6862 1170 3022 392 6171 4741 8362 2431 4672 2257 2797 4888 8333 3830 5053 7349 3464 8330 3184 853 3372 9926 6164 5369 5839 6276 723 6477 1447 2576 8084 2523 5775 5064 2962 658 7897 7553 5839 5650 5689 8444 8844 3566 8908 2191 3955 6791 1035 3930 4212 4907 8766 7598 5479 7255 267 8058 7993 2173 435 6964 6345 3064 4682 9185 6188 3122 9691 6541 421
3987 7932 5571 5938 7293 5070 1290 950 8499 5166 2576 2228 867 5927 7741 3960 9989 697 569 236 7820 7514 7651 7033 3979 6648 2881 1699 3977 4667 4987 3770 410 1728 3367 7036 4676 8123 4593 5023 1797 7640 2274 4606 5127 5101 9617 8832 5564 583 4866 3222 4180 7611 8236 8699 3648 55 5131 7481 1816 1057 6987 5787 4134 690 2293 8269 5002 6138 5626 6540 2932 859 7669 5345 2677 9851 3759 7867 2669 6989 8944 6523 1793 5117 1496 7521 2663 9653 7130 8036 2296 1034 508 9145 8748 7852 9355 9825
8823 2170 3912 729 8815 4940 6783 9373 7589 4213 9334 5713 9045 5457 8457 5987 9287 555 2950 6999 3647 8136 6084 4146 3983 1082 4253 4795 8415 553 4810 7834 7892 2680 1515 9618 8690 8968 3262 820 9366 9525 8566 5560 4685 1082 9097 9884 3700 9699 2778 2380 7097 5143 3272 9925 7618 3032 14 3313 830 287 1252 6337 5923 7161 3075 2641 80 6977 518 4028 1016 6437 1844 6055 6132 9053 9844 2189 6239 8574 1539 5215 8027 62 7662 3849 6614 9202 1310 7094 9851 9663 6160 312 5639 8432 4804 3797
6527 8133 6622 6049 816 1011 6679 9929 7017 9622 2575 2376 5416 3123 2310 8057 6771 5137 97 5988 6105 5939 1312 6287 2158 593 2318 809 5058 4333 5454 664 1297 2091 2249 3931 5201 3453 2579 7273 3262 6693 6102 2157 5098 9725 3004 7538 404 9406 2920 1996 518 2308 6786 4782 8404 3482 932 1160 9875 8592 8415 8848 6948 4399 7701 9158 7225 7627 9496 1335 9256 5620 1742 4915 3755 729 3892 1900 3368 2934 6437 6638 2110 9252 3786 9210 3385 7992 9628 2512 1910 6277 7289 5881 343 9863 7887 7994
960 4083 9994 4651 2841 8298 9976 7682 1117 5209 1417 4276 8520 4947 2124 8923 972 5167 1297 2413 8192 2134 2828 401 8766 11 1004 1132 8843 5915 7819 786 8597 8746 1269 7530 7445 9287 289 4515 5830 7350 1316 5687 1054 2865 2901 9396 71 9454 6466 3172 9326 3668 2532 7971 2010 5699 8578 8040 9775 1687 8852 2896 8193 5060 1594 4914 1447 1908 9362 5279 8805 7231 9434 9518 4725 7204 4728 8295 7195 8727 7563 9657 2448 4979 9541 4416 1269 4687 555 9308 6492 2130 8021 9550 5299 4298 1991 9467
4741 7139 3633 3997 6398 8855 9570 1194 6589 2070 4158 690 4154 3852 5552 1320 4234 6249 1709 2153 3960 7965 5309 7574 6665 1331 8353 9539 7675 589 7118 3255 6456 9268 9352 4267 2097 2183 6187 905 293 878 7221 63 5668 8437 7297 5350 3041 3425 7221 3510 3278 6377 5439 7255 4570 4495 2647 4918 1431 9958 8964 1152 8668 7857 9352 9722 8918 3992 1566 8186 1966 7371 8284 8928 2735 1848 5320 8548 6182 9532 3673 8534 1570 7384 3745 1834 1430 7801 4125 9440 8425 4954 325 5467 9903 6296 3998 7065
2502 8217 9271 7352 1112 7795 4202 6709 8855 9453 9107 1112 2003 6295 1941 4381 6196 526 1507 8917 5639 1223 6423 7698 7852 2574 6555 695 4283 6527 6420 6314 7414 255 3976 8806 2141 1200 8173 6621 3432 1757 7567 3217 6623 6655 7121 421 4599 358 714 7968 6855 2142 9757 2885 3097 8263 6164 4650 1297 8974 692 6770 2394 7651 2604 4867 650 4926 9587 4795 513 8576 5364 4815 521 7988 1422 2677 9756 6279 8078 4323 7359 368 6880 572 4832 804 5685 3268 5608 2963 4010 2265 1491 666 1545 2531
5034 5176 8077 9706 9398 9815 7766 351 6308 9464 8912 6215 3842 8608 2331 9012 1713 6835 9062 6320 3665 9125 138 9767 9363 9213 5181 6718 6364 9142 3579 2173 7161 2894 1792 9302 1845 4880 2876 5763 7741 8152 8632 2629 9634 4379 3930 4325 1155 8343 5331 4010 9994 9112 3596 4304 2645 2147 930 7582 5842 2113 4071 4988 679 6952 7318 8073 869 2843 9179 6197 8165 5120 5027 4558 2594 5860 8691 6039 1519 7032 3968 5952 1547 5773 3979 1081 6005 8753 5089 704 9332 5801 8493 204 6309 1572 36 37
9401 2933 7571 1787 3547 6113 1088 8389 2260 6564 3019 7173 9940 1552 8445 4462 7851 2984 6135 2473 1981 2186 1272 6490 2642 2988 3676 4704 1753 806 9871 3566 103 9750 3526 205 7245 3140 6163 4866 2445 5558 6092 6204 1772 3181 5558 133 6922 7312 3164 2710 362 8208 4315 7672 3812 1351 1067 3522 9840 2297 4073 3924 8941 5915 8528 8555 305 9368 8410 3241 7370 527 1617 2855 6734 2106 7959 8279 3763 3928 921 6087 2768 8985 2675 7068 8828 4031 4405 5674 9807 8806 3324 4836 9715 3879 1677 8937
674 5401 5011 9113 2925 2062 6770 5205 8928 4659 9811 381 8746 4059 469 5210 7816 831 3353 6542 1620 7208 6635 8094 8827 9037 3316 7332 1755 3154 2873 4223 9908 4303 123 1102 6331 300 3135 8276 5452 4488 9271 3360 7828 9158 2424 7409 679 6231 8359 6468 6586 904 990 4738 5795 3839 3217 7531 9151 7703 7688 618 8974 3131 1930 5265 4906 7012 4076 2574 4540 9642 4365 9006 9581 6136 1754 5891 6960 8297 6946 7392 7849 3661 1610 2896 8470 9757 7392 7652 932 1679 1383 6571 6534 4357 3135 8063
9394 5859 9751 6156 8839 8291 1849 9664 203 3889 8005 6313 4309 4369 1396 2656 6454 1606 841 3473 5649 2949 2851 4763 9244 1889 3837 242 6853 4720 2570 2389 9496 2186 9961 5369 8979 3117 2015 5477 8086 3309 5117 641 9901 3126 2888 5411 8289 3121 3149 6943 1814 5345 9541 9309 4414 2925 42 8247 4968 6271 8834 6323 6623 1040 5194 5504 2208 4245 4385 9945 7231 2616 7555 3137 6286 7689 1531 7246 1995 9146 3063 4211 5071 6722 4821 4892 3266 5850 2134 9782 3522 8837 1706 7063 3551 4292 8752 8761
3878 2162 9243 1115 5524 853 7305 4107 959 941 9897 4027 600 5803 1522 2769 2957 3138 3072 9991 710 8277 8465 188 6693 8095 981 8866 3929 8552 3939 1768 5325 6984 2893 527 8443 6331 4994 5798 504 7529 5595 6327 7172 8173 7757 5820 2681 7163 999 8600 5386 4247 9317 786 509 6292 2522 7783 3219 6390 8897 9990 7658 2924 3708 8426 976 2694 6736 7426 9536 16 3245 760 9280 6496 1207 8623 6590 95 2319 3686 6544 5556 3410 1677 6373 5189 537 9806 1255 3309 5736 5766 699 7003 9697 5009
7133 4804 8272 2635 2764 8424 9281 2198 206 9342 11 7139 3524 3639 7192 1573 123 7148 2610 9000 4717 8460 7570 3045 9381 6400 3147 4752 5190 1882 1938 9204 1942 7927 841 9101 6292 5824 9168 905 1731 7602 4377 953 9477 5369 7169 2050 5088 7507 783 2076 4721 8707 1857 9723 2003 1332 7018 7053 8327 1404 6928 5831 9168 9602 2758 9434 8070 8180 9955 8319 6793 4811 7568 7655 3964 3422 9654 8807 3152 2163 1018 4539 225 7237 7348 2874 3414 4739 8938 4959 2381 1392 3020 8694 1478 2730 2793 6673
2756 3493 6909 4142 5558 2512 9131 3801 6792 5378 187 3783 2796 4791 931 1835 3698 497 6987 9676 73 8484 553 2852 9854 310 8803 7201 6938 2401 5967 6568 3694 9227 8115 9149 4576 1998 8226 4723 386 4806 8614 1014 4688 900 1511 6067 5832 1877 8258 7376 4499 563 911 9045 4474 5548 5712 4016 4597 8030 4330 1107 3757 6689 6236 7699 2656 6765 7508 7118 3631 7480 8410 1341 8318 6464 6224 3091 3291 2182 615 2343 7484 5754 5775 1536 4152 3948 5237 5075 290 4180 7120 7455 4349 5583 1363 203
4402 6973 2533 3787 9787 6085 6309 80 3871 8930 2870 3637 1963 3144 1543 3163 3783 695 6783 5602 2361 206 7639 9781 3547 992 562 1639 591 3074 5791 1031 6168 9363 9784 3554 5216 6408 4768 2810 9732 4786 5056 4575 9540 5937 3740 3607 1956 6191 2331 5898 4653 5760 9781 8632 9696 5836 863 8584 931 1480 7112 5552 8610 5843 8853 3944 4999 8511 4678 6328 8465 8935 5286 2733 2437 8793 1641 2486 3645 4956 7120 6912 4318 8254 5992 5062 7251 7328 924 7453 9180 6721 4 9456 2027 4880 8210 2969
1193 1847 3918 5945 7340 6004 4742 2461 4546 1677 2112 8010 5428 8971 3803 5772 618 912 1926 3011 8142 7452 8330 1528 6654 1001 9395 2456 1184 4979 183 9743 7518 3973 3783 3537 2138 9080 9512 6649 2165 9534 2440 2564 5796 917 6094 480 8130 7405 1508 573 7340 2249 6266 4355 990 623 8596 622 3019 3641 4621 8631 1945 9439 4995 3025 585 9718 1755 7839 2434 4164 1888 9093 1377 5389 2173 3776 3725 5509 9694 7214 5708 9279 184 9311 1078 4473 9355 9015 3030 236 8955 6058 9752 4822 9155 2788
186 8036 9032 2745 5941 9454 8258 5986 9051 7033 8184 7735 5645 6689 1602 1239 1617 3748 5322 3380 616 9880 9626 977 9716 5768 3627 6835 6173 844 837 7087 9658 4549 9496 6143 1199 1694 5383 2941 5701 6363 7648 2602 2871 6871 7732 3099 433 8196 2608 3244 3006 1325 9791 430 1465 3125 7419 4218 997 6529 4416 6909 3881 7404 2033 1139 3472 3405 3565 503 2869 6747 8009 7203 5426 2915 3138 6888 1520 6245 5961 5930 1414 8474 7533 8677 9136 123 3211 4571 5845 5887 458 3073 4029 6967 5318 6047
9936 7217 7582 1808 9043 583 3431 5610 1267 7065 4139 3990 949 5096 1541 5097 9245 2416 7049 5919 8479 1362 5018 1183 7248 7832 2686 3923 9376 17 8737 487 3252 3455 5372 9786 1502 9547 6385 6721 8349 6196 9335 5604 6204 7175 4615 8430 5841 3119 2294 8822 4883 8885 1552 7985 5738 6496 3027 541 1391 8066 981 6433 2535 9504 2245 3005 8410 1128 6447 9159 3165 8533 6425 5818 9626 6786 2852 6666 9721 4496 3825 9680 6142 8512 132 4796 4713 8210 4384 2389 3372 7628 637 4439 1881 1437 842 1090
8156 2216 7975 7570 6380 3703 869 6801 2778 863 4760 7442 735 2545 8244 3126 3409 2642 3500 2071 309 6158 282 6638 6027 5911 5464 2478 5278 5287 8712 5562 962 5304 7426 2659 1522 244 437 7986 1698 3086 6387 8631 6744 9965 1797 4298 8463 7148 719 7521 3547 715 9048 46 4806 6888 1040 5486 5657 9594 6578 1009 9937 4410 2157 3355 214 2630 7315 871 9286 6740 1788 9032 535 8670 2758 7551 1065 188 8989 140 2308 3699 47 8712 513 8359 9700 3851 9785 7133 1767 7981 6109 5469 2686 3484
4001 1375 3564 2706 4933 1516 1289 3413 2116 1233 7369 4226 5917 4049 2309 2820 9580 3916 6956 1223 6092 8660 8739 2847 986 8854 710 4573 107 9120 9597 7820 6819 3145 9701 1842 5779 5489 8206 8255 9686 9877 4234 2697 9474 4661 4863 7986 8347 5310 8259 7009 1821 786 1065 1042 5109 6897 6331 6099 5378 9443 1469 2405 9134 9282 7219 8258 6841 3684 9080 4146 6791 5509 5108 2833 685 1849 1646 7172 1993 7789 5716 4512 1959 5148 6257 1992 2692 8513 8737 7347 8275 1452 8163 5611 9233 2034 5271 1603
1617 9026 3992 8115 3973 7961 5522 727 2728 1011 255 7020 5433 4993 9079 4028 5820 2394 1159 3086 571 2886 5856 7141 4316 3441 2638 3432 6643 8632 3035 2865 3916 7613 2345 4616 9239 5311 2636 5234 8893 9400 4618 3945 3197 2732 4619 524 2330 2132 421 7148 853 5736 7355 2372 7011 3539 2569 8927 5870 2853 1122 4294 6086 5499 792 8495 4999 2548 9844 7872 849 7627 6832 1436 298 134 710 264 475 3524 6050 3337 7381 724 813 3630 4886 3287 9154 2929 3162 9384 3252 6084 8707 3520 2219 9300
1639 5147 2626 8930 7612 8176 378 8886 7838 1110 213 7442 5239 9383 5880 5665 6741 2345 2035 1785 7582 5331 2726 1150 6308 342 8257 7274 3 9937 2208 4856 4606 4979 978 7799 7782 1007 9310 2447 14 8144 9763 6746 607 3988 1908 6366 8811 8586 459 9544 5040 111 368 3950 8696 6308 4560 5961 89 3492 7026 3499 7415 8230 808 2119 8866 4431 559 1588 6492 1564 788 8107 9808 8026 2450 1824 8004 4104 2986 986 1775 8724 7611 1174 3002 5526 7633 8762 2573 7989 6134 4212 4874 7928 2821 4947
8562 476 2889 3984 1715 6374 1263 1985 4838 1618 4158 3616 2842 5922 1753 7367 1631 5290 8521 8944 1085 7315 9547 7116 1428 8613 9854 1835 7664 9812 7741 4200 6247 7620 7748 6208 6285 1596 6161 5468 171 1132 2846 8067 7054 488 1400 6361 8310 9800 5409 649 440 8257 14 7390 8682 2870 7413 4958 6659 1267 8301 3350 6996 5212 8063 7038 6414 505 9340 8668 9143 1673 2802 6638 8942 2537 4172 3524 8104 2255 5628 8984 1689 2591 9760 8074 316 5098 618 8948 1599 4409 8075 2573 6734 4119 5764 4827
5304 4148 3041 8585 9677 3504 8840 1780 9892 2560 4131 1983 3315 725 2248 8533 9548 7430 9118 1887 8847 9153 4048 2910 6842 6910 9831 2717 655 5377 204 5255 2790 2419 6036 4045 9544 688 6860 2560 5348 9604 3510 3991 7882 4614 4420 9599 8496 8278 9302 8215 7901 3666 2654 1077 9264 4086 7451 2273 6161 2754 336 1540 934 559 9191 903 8160 7606 396 8067 4299 4642 4519 6245 7843 1951 1438 5090 6180 7132 3225 3853 8637 2517 1130 4738 3380 1659 5729 4411 2241 3623 5864 5759 2610 1699 1716 3222
4972 3857 1073 675 5445 9863 6182 3496 5980 1256 7520 7663 5439 4793 5444 8551 313 8360 1410 2111 2711 330 432 4060 3347 7077 5072 3033 1748 6154 8619 8595 146 3228 1094 3579 2617 5130 3339 5189 3755 4295 5689 6423 5203 800 7458 3277 1797 7556 2546 6384 6177 3399 5141 5558 3900 8123 7648 6535 71 7635 5763 7885 5526 896 7253 6431 9966 9501 7794 7995 4712 984 8238 7579 3799 1532 4956 2671 7388 3458 4380 2666 8873 4959 6426 111 3084 9254 9801 7864 224 4799 4349 9079 4253 1263 6395 763
9334 9052 628 3215 7751 3543 6466 5301 4898 7978 8388 4197 4319 9880 2635 6490 6621 8188 9123 3696 3856 6661 9793 7322 1229 6344 923 22 3111 5768 3229 1729 616 7730 3129 890 2926 5172 700 8280 4187 3378 3128 6681 8628 1063 9401 2942 4189 738 2382 225 968 9697 9080 3534 2868 5369 2295 2824 6619 9493 19 45 9504 5456 8289 437 3526 1306 7897 7601 1213 2798 4420 8503 301 6783 4772 9553 9180 9574 3281 2969 5237 1609 9409 4769 4969 3283 9258 8499 1825 201 4594 3400 3546 3855 8883 3253
8165 5203 6537 9899 7896 1714 6087 1229 7629 4132 7792 978 330 5447 7839 173 4038 9011 2057 807 6465 1575 3792 865 4912 6061 1681 1579 4516 4599 2511 3856 8831 9930 2556 7823 914 6747 7211 493 200 5424 7118 4886 7995 846 7229 5215 6963 417 2761 4601 5942 3941 1111 2373 5233 6475 8869 8879 9581 5071 8694 5282 6013 7995 2308 3432 6818 3525 1697 1328 2813 240 349 1357 7441 8653 9333 1203 3041 5883 8639 9111 2839 3004 6826 1241 7571 1779 43 7892 5978 6614 2357 9565 5960 2279 9804 3877
6383 5348 3093 8694 8739 1633 5056 7214 3386 9500 7436 2489 4197 877 2679 3217 8044 8834 3231 696 6544 5647 7827 8305 6805 3626 3186 1316 255 2550 8109 9883 3533 8140 4406 6448 2024 8287 1145 1605 5683 2763 3258 7004 5075 6707 4223 8513 4019 6178 6682 559 654 3152 6098 6645 5273 6714 4528 7406 6418 2877 2108 7049 5721 5995 9479 6115 8197 7124 563 6028 2024 5472 878 3486 5868 2928 9117 9567 4695 8176 9169 2849 6931 6038 6083 498 2731 2999 5882 7701 7310 8848 3147 2007 5258 268 7020 3644
7192 5056 6884 4516 1302 9119 3252 7417 1829 627 77 8727 9386 3672 3925 521 9905 8164 5435 3355 3123 1822 467 4904 4598 1548 2185 6072 7372 6943 5395 1016 8323 4977 1375 7599 3647 2611 9269 9484 9600 3437 8576 4792 9642 9393 7697 4697 4595 1620 9035 4158 2640 2908 8623 9734 2727 7028 4947 6507 6522 3799 2744 6750 2809 9209 8893 5409 3998 3566 2439 4713 1226 1234 3921 1888 4995 174 2161 6649 6481 922 2043 9872 861 2159 7624 6469 4786 3906 2605 7711 3835 9573 3690 9923 4116 8579 6847 7545
9495 9230 4610 2165 8404 2114 529 2141 8720 2523 9570 154 8494 4143 8944 8991 2851 562 5680 7879 8941 3054 3797 5331 3022 3457 2824 9268 8079 4053 2054 3422 765 8424 5482 4042 6624 7490 4341 2985 1918 722 1424 595 4689 8161 824 1970 5112 9859 6079 5664 3916 3470 4202 3112 2656 5565 4568 5295 5936 606 1278 3492 2840 6452 7502 3436 202 7591 6496 6192 5708 6079 8070 9827 9864 136 4132 1266 955 6626 6666 6123 6570 3028 4991 3200 1471 4979 484 6957 635 7501 94 6613 3324 8932 7799 4197
388 9803 3431 3659 2279 9803 5428 3921 4312 5427 584 6310 4750 284 7666 422 6965 258 1791 2837 4067 306 6631 9950 7288 2517 1261 3518 3128 6830 9218 9432 5864 6019 1024 3608 3219 1540 2090 9875 4535 5682 5367 6955 4321 6758 5823 3734 1227 7447 3587 4528 168 8340 9820 5219 3099 5884 9405 4984 6131 3231 5749 5287 9057 8986 4390 6666 1468 6176 3122 7352 9460 3225 3546 5332 7848 7196 81 791 4911 2069 8367 6378 1163 4811 9075 9531 2100 5284 5277 6327 7794 9246 2392 4211 3600 4037 6177 9342
6038 8776 819 4937 7587 8284 5639 85 2447 7800 8161 314 532 6406 7137 1762 3357 6960 6092 7057 7382 6296 6962 1031 8178 2988 8412 3504 3045 1632 6957 5919 3602 2947 6310 9563 5823 9800 6061 2313 8801 2608 3827 4204 9016 4052 1171 1299 3316 9223 7159 8063 627 5266 3605 1229 7039 1382 5231 2985 7825 3862 5797 9694 9383 3260 4640 2740 7420 1841 461 1674 4157 8744 5000 1692 4655 3318 7582 3681 466 6806 1212 5568 7625 7403 7400 9165 3661 7084 4525 6219 9819 1427 9415 6541 6498 1637 1709 5975
5785 5752 6491 7809 7978 3373 3529 2310 3391 1898 227 9397 3017 7978 5631 4125 5093 1465 3441 8983 2309 4141 3907 1568 9327 4899 8568 6821 5274 9472 9100 5843 2541 8582 7523 8281 3731 5125 3399 9075 5386 2102 8897 2254 6475 4616 606 480 562 6664 6012 698 8216 7557 9472 7466 8260 4848 8910 6543 6621 5414 4149 7978 1309 328 2450 5176 1059 5897 895 992 6283 5275 3537 2275 7020 3829 4642 5581 79 3684 3485 4342 6626 4927 7708 6643 7989 9735 7636 4323 276 7640 7347 7453 8648 6979 3571 9764
5998 7166 2786 2856 9279 7489 9047 5799 8515 377 3525 1816 6120 659 7351 1067 5330 1589 1491 8510 5986 3745 1485 5451 2113 3986 5759 3840 4382 4017 8348 6401 9516 599 236 4260 4588 8166 1905 7969 6749 4584 1585 1011 5635 7994 6019 8795 9847 4331 3286 7020 6270 2783 9285 6041 1144 9212 7295 4618 7696 6032 3310 5407 6303 6044 2791 7295 5933 4107 8940 2094 3626 2613 5445 37 2034 2274 3294 2153 9167 8296 817 6256 2300 2122 5565 7740 7613 1572 257 6371 2397 6210 1412 9900 2184 1397 8344 4262
4857 2477 9420 5469 1647 9475 7259 1403 8341 200 3164 8602 5894 7199 1875 3092 281 9606 402 9107 1711 4993 350 6828 9023 2825 8853 9793 9777 4287 2883 765 376 9235 3096 3080 2833 1980 5888 788 5057 1810 9778 2742 3545 1 827 3826 2811 6910 9356 3835 2313 80 8377 7655 8058 517 2417 8167 4177 7609 9199 5831 9623 5541 9949 7588 6823 3869 6114 7634 7855 8097 107 3074 5446 3139 1639 5487 7637 737 3057 4281 8975 3981 7337 7085 2096 2819 9689 648 8358 9336 5125 7917 4883 9045 4174 4545
8670 8207 6175 4009 8553 3668 5624 5055 4531 9353 5223 9443 6237 4281 3981 9810 1362 8126 2713 6104 9011 9434 2610 8863 9797 1337 7239 7813 5964 5205 1226 8794 8483 3541 3637 2396 5816 5617 8852 8461 8385 8935 2810 2717 3136 9611 3351 3382 8857 518 9302 6793 3080 7528 6722 5423 473 5172 2935 2066 3790 6855 9076 7979 2837 8341 1936 2040 9557 1607 263 7635 2921 1369 8940 1444 2291 211 6687 4555 3121 5657 7186 8011 7595 9847 8090 7660 9380 4286 1675 5514 5577 1040 7480 9280 6352 4593 6460 5432
1115 4953 2243 4252 326 2405 2955 3068 6266 2045 4055 6615 2798 4783 5668 8663 2103 6521 1887 6231 5938 3740 214 1668 3483 6250 1282 476 9341 6013 5804 6329 1905 2271 2715 3553 3438 7629 3607 8683 2968 7556 4217 7930 3682 6414 308 200 2028 2846 825 3832 5218 5169 1751 6842 7742 2272 650 4466 9466 5852 3438 8849 5618 8127 2241 4632 4762 364 5953 8111 466 9842 3804 3807 818 9164 8953 4821 2955 7941 4821 9002 1120 3139 2022 3030 9301 89 5253 2166 8276 2427 836 3209 2752 3672 2465 3670
8750 3968 4095 9372 4696 8467 6943 3827 9272 2446 6203 9610 9584 2061 2875 6330 6289 8242 2547 1888 9320 8662 2095 8879 3155 2720 7935 3787 7688 1080 5303 974 8134 2048 7307 2354 8273 8769 6507 6422 1826 507 2695 3198 9252 4067 4382 6238 4569 697 598 7883 7297 1322 7076 2173 7129 3475 298 17 4399 369 3887 2486 3349 7732 9391 4366 2614 8222 3138 4525 6103 6383 271 6153 1183 8906 7106 4843 16 4901 1951 3211 7758 2028 5883 3645 2690 135 6307 6167 9467 744 2599 8854 2518 4158 7864 9908
6450 2227 1621 5898 7325 4023 4600 9916 3041 2750 7353 7294 3186 6467 1149 3150 7038 3046 7181 842 1228 798 2526 2338 7094 3108 9889 6404 8636 1626 5248 7149 9479 6296 4654 3105 6886 715 537 5353 4113 6186 8131 4811 1417 5323 9278 2319 866 1371 942 2992 8048 5542 6933 674 7284 1986 7973 4164 3317 6178 2744 7041 3655 6004 6356 1612 7701 6563 5355 3759 896 1267 4350 939 9380 3492 7092 3516 8976 3203 603 1077 5041 1106 50 8690 423 2379 7376 2580 808 765 3923 3665 3228 8966 507 7412
99 99
0 0
