100 100
3898 9709 8916 2136 6061 9894 7766 9516 1073 9922 215 7687 4249 9024 3839 3141 7704 8863 9005 7804 6506 2467 3799 2484 8571 6388 248 1049 2611 9684 701 4935 508 4414 7745 9744 6350 6994 6471 9452 7284 2197 5988 1596 587 2227 8108 3555 4226 7146 4932 6900 8310 6322 9404 5749 8750 9585 6677 9572 3807 5517 469 4582 9925 2672 5347 8876 9370 9324 1705 3459 9396 4375 4668 2038 1039 7897 7921 1450 5637 1091 6725 2470 329 4815 6998 6802 1948 724 9912 736 6189 9607 5422 9025 4572 8280 3865 590
5073 118 1261 1771 9826 8774 514 3233 6683 4777 4315 2559 695 5567 5141 5901 2266 6189 6172 7543 8520 6327 9759 9162 1680 8307 4444 7064 3893 4933 7167 4230 8538 4964 8985 5552 187 6802 9502 5158 328 6168 9653 2183 984 5446 7639 5782 5776 9975 4569 8020 363 9656 992 348 6048 4114 7476 4892 9710 9854 5243 2906 5963 3035 5122 6048 9758 4327 4921 6179 1718 441 9326 2153 5079 8192 3646 4413 3910 5370 3070 7130 1589 1668 9842 5275 5468 3677 7183 2773 1309 5516 3572 9312 7390 4433 3686 1981
555 8677 3126 5163 9418 3007 4564 5572 1401 5657 9658 2124 6902 4783 8493 4442 7613 5674 6830 4757 6877 9311 6709 582 6770 2555 3269 76 7820 8358 7116 9156 3638 529 7482 8503 4735 8910 5588 3726 1115 9644 4702 1966 4006 738 575 8393 3251 7043 9452 808 215 7881 1979 2815 8244 4913 3916 325 8601 8798 6778 872 1861 5592 2054 4136 8863 7818 1005 5764 3617 3233 2002 8759 1953 2806 3923 4485 2105 122 7987 9353 6558 818 4446 4067 4400 8638 8514 6930 835 7747 5293 29 898 2078 756 2041
816 1120 7910 540 1411 8444 8226 8028 5175 2572 5154 1175 5755 6320 6383 9611 4982 5911 4340 3130 5386 7023 2027 2090 9101 57 6229 1309 9285 2925 703 6115 7550 9903 8869 6230 711 7071 869 6101 8128 5160 6889 6853 7550 293 4015 3582 8779 4425 9664 1172 6961 3677 6977 2135 460 5334 6131 9159 4295 1989 7604 2017 8686 6167 1779 5216 9238 8715 1689 9629 80 7758 2351 3866 6368 726 8637 1504 9245 1626 6156 2935 384 5594 1987 417 1885 7895 4661 9487 4905 1454 594 9234 8377 8667 3904 1748
9084 1636 9065 1001 9013 5312 9240 2956 1267 3966 2945 4095 7440 6450 4143 6020 9821 6498 5739 9119 6852 1364 6149 8197 3854 6763 2631 6803 9312 9499 8472 7925 2558 6570 2446 2663 1570 8158 7921 8474 7258 9608 3049 2232 4380 3263 2401 9594 8447 5158 3806 8815 4847 6769 9752 9577 9578 4377 3565 5033 378 4392 7855 6270 3287 2822 9337 5905 3912 5276 7906 2352 6855 7857 9814 3371 7668 9511 9127 454 7885 1185 6557 751 7657 3761 3846 1134 3561 4164 3966 3106 4237 2252 3066 602 4178 2780 737 5135
3002 6935 1490 1407 1932 1517 4328 4780 591 5843 7411 9507 5515 112 481 5485 5430 7147 6220 7960 1277 3442 9586 8027 6404 2054 8918 5223 1952 4501 1249 7087 1843 7183 8642 4111 1587 8645 6131 6036 7379 4842 4351 1755 5546 9274 8784 8612 1856 8091 8334 5769 975 4823 9279 2981 2450 2934 6074 7442 2017 1773 9171 2316 5431 9788 6883 9091 4924 3062 7499 7903 5119 2889 1123 1759 2969 9072 8898 9434 6420 5885 1636 4355 4437 6281 876 2236 689 7843 8269 4444 4050 8433 5801 5453 6608 7343 8871 1134
5781 8159 1837 2483 4431 9668 1632 1846 9246 1836 3028 3099 9291 6826 6409 2104 9697 9959 2399 6527 3172 8924 8644 2790 9312 2930 3310 4098 6055 4800 492 7288 6672 6277 5176 9053 9552 5072 8156 8668 4905 7931 494 9852 3120 38 1760 3830 8058 2836 8579 7545 3258 3169 8676 3471 607 8199 7278 1828 9273 4640 2500 2221 7655 1453 829 418 5896 3824 8289 1275 8169 8829 309 5564 5293 5379 5632 2201 1319 9848 556 1310 5629 3360 1037 3276 7160 3619 7946 5174 1787 699 6692 1277 3281 2634 6414 8145
7754 1113 8805 6915 3414 8012 4991 382 7608 7497 6577 7182 2958 7460 610 4204 6011 6078 7335 8672 5923 9772 6583 3667 44 3424 4238 6056 2350 7536 8746 3199 2606 3428 364 2797 9576 6614 8251 2757 450 2281 1803 9972 2756 7253 8032 3027 978 367 6604 7340 5207 6680 538 837 3919 6607 641 6498 8081 436 3586 3957 1544 6374 7775 3123 2699 5455 1902 5674 2030 9738 850 4764 4507 7625 4924 8004 4095 9193 4355 493 5520 5648 5194 1535 929 7133 1464 9703 59 1716 496 1483 312 2790 8241 599
7894 883 3098 8351 5427 3288 7813 5570 7841 5759 560 6263 4992 9943 6461 1438 4807 3016 6767 1878 8314 6387 8966 5475 8790 6599 2861 6321 9065 5885 3013 5944 6794 7183 3758 7282 7874 5655 4414 2781 8307 9923 6337 7980 700 2521 2812 376 7650 1507 1590 5244 3885 9841 924 789 7371 7642 5467 6063 27 1180 3192 6542 1720 5545 9320 5100 1804 7378 1325 3447 3943 799 2501 2344 9593 190 1836 3767 4710 3420 3605 9215 8447 6875 8272 9901 5225 8769 3082 7659 2909 1296 676 1843 9800 393 1661 3264
4178 1405 1786 7622 6539 3649 1783 7955 5669 6600 9881 7300 1817 4781 9738 7269 6216 3374 1915 8833 123 7605 4903 1265 5596 5671 3144 7938 1171 9055 5974 6928 1097 9926 8498 3508 4094 5743 1023 5491 3868 7058 7192 1379 4111 3569 5295 2707 3390 3583 7595 8777 6860 6025 3131 6705 7932 6667 7690 9626 572 4784 296 3024 1570 463 2468 4821 8249 8510 1005 7734 664 3191 3397 4521 8056 7084 616 5649 7670 3223 4707 2342 1693 7275 4904 6735 7271 1270 3368 2510 7984 4658 6144 6104 2643 7066 5110 7588
7767 8617 8881 3647 5893 4725 4672 481 7588 6119 5886 4872 3974 8512 164 234 2154 8697 2443 8779 341 2715 823 31 3341 7630 5814 5944 9054 575 8031 3031 3911 216 4535 7083 5542 839 9887 8945 1537 7373 5105 4288 4050 8169 6852 4265 5562 721 480 7037 611 2713 9236 4052 2222 6757 8336 5528 9041 2190 4580 272 2764 743 279 7959 990 7537 7659 8538 9873 8441 6789 6079 8493 2798 4812 2997 1208 2286 8963 1664 6687 5765 7276 7452 4561 4187 7414 4637 8680 2544 9457 5159 2288 8552 618 6748
7955 3776 7519 9592 4479 501 5185 9412 9793 9007 1901 7988 2051 4585 4385 1678 7130 1242 6083 551 8434 7979 7337 3196 5101 5665 2967 6280 6497 5180 807 4438 3509 620 5189 5200 6431 9096 4619 582 2154 6838 4099 6772 1298 8113 3764 3276 1303 8622 1886 2025 87 4623 1136 7065 4384 7910 7565 4388 4741 8947 9167 772 2861 3865 7972 2753 2362 2455 2914 7656 6514 139 2330 6419 894 2953 2886 5095 3106 2142 2404 799 8585 2490 8760 3510 6265 1754 7098 6387 2978 430 4600 1711 2151 1885 2379 4833
2079 6284 5774 9890 1260 3145 121 6076 2334 7837 4029 1053 5806 8946 7947 1700 5132 7745 349 5658 8697 7248 9320 6674 7603 8814 8816 5002 7246 2443 8756 7475 6290 3284 9737 4842 2940 4927 2751 5192 4356 3315 2136 869 9889 932 6705 2914 1877 9394 228 2587 2007 6609 9321 6130 8605 4507 1515 7592 8853 9517 7228 5338 2397 9674 9836 3580 5294 7474 8296 9235 6119 5212 9683 5872 9847 5636 5592 4698 4875 4419 2987 2018 9864 8205 3625 5587 4073 4626 7122 4372 7420 2127 7829 5480 8706 2881 8658 8538
7234 844 1135 6839 6971 9008 4771 972 3872 6253 6291 3460 1225 6006 8421 3516 906 8989 8094 1927 7063 6382 9181 5923 194 4925 6095 8279 6079 6537 7196 6103 1707 9575 8111 2395 5298 3603 0 6077 1053 3 2285 1336 3426 5253 7129 4636 3225 483 465 8827 5141 8754 7281 5963 3490 7231 5557 9571 1978 8347 6197 3684 7788 2276 5024 4698 9055 3111 1922 2845 9811 1389 7057 459 5755 6271 122 8031 3009 7744 4492 2293 6369 3336 8383 7083 9602 4881 7146 4701 1589 1368 1054 7236 5261 1081 155 5314
7863 6915 1542 5432 6860 9549 3702 5287 3308 6420 1449 850 8487 435 8338 8580 3922 9402 1397 2948 3804 7680 8831 6488 4663 5633 7470 8656 3712 3315 9389 4891 5615 9634 2177 9534 8709 5970 8487 5814 5158 9579 8614 3335 7324 981 7091 5113 3177 8085 3540 3010 1697 7484 1961 8212 6506 3472 5167 3055 617 5357 8171 4045 6296 933 3879 6575 6011 6376 3660 2910 4668 4107 5662 4314 865 5573 1821 3401 3611 4977 7244 2833 9254 2757 4022 7913 3426 3529 5976 9983 3806 2879 8694 6459 9804 8839 6955 9793
2903 4944 7247 6134 917 1287 8787 7489 8030 294 9486 2891 4398 8515 6874 8108 3635 6375 8202 7951 5668 6654 7915 2928 1881 6867 5552 2363 9559 5264 1763 5718 8652 2401 4881 7828 8836 2489 7317 6141 8072 685 9548 5690 3327 1532 9053 9713 4960 9570 4727 8871 5299 6720 4772 177 6929 9153 5745 6926 7844 6062 9292 2973 4093 4839 3097 9216 6316 1795 5309 9075 2655 5237 7961 2826 8866 6461 7624 3214 6689 9057 9443 5991 1751 897 9937 7901 3302 2716 8275 2738 1952 1651 9044 8806 1921 6343 9123 8446
5170 6509 4492 1082 7856 4527 5148 3775 4273 1920 3469 1803 7810 6085 7111 2416 4297 6050 3048 4336 9360 8368 3268 3652 4046 4233 5695 5623 1752 1614 2218 1366 3692 7488 5471 1881 5353 2324 2707 698 8042 4414 8336 2179 6101 7227 7014 8260 9269 9407 7006 7044 4218 4838 8915 4461 9595 6358 2520 763 515 2784 7067 24 3462 2148 8272 3398 6103 4211 712 9120 9235 5866 3320 1933 2596 3562 1209 7939 7008 4729 2448 1912 8913 5518 9892 2640 4244 2241 1421 1309 2262 1562 116 1356 8496 6402 7467 9058
7253 4314 2885 32 1146 4612 6804 2798 111 535 5514 8490 5370 5927 1664 725 3463 6364 190 8775 7292 5351 3679 7227 7412 3876 94 5657 3520 3766 2584 6813 6426 1571 6479 5172 9385 1878 8937 9788 3993 4751 1582 406 6653 434 9640 5554 3658 3218 7440 9322 8365 4347 9852 6247 3426 8546 9604 6988 5053 1030 2912 7406 8193 8691 1633 4654 9535 2424 7186 8510 2066 5054 8550 2755 3701 6000 8619 4837 2000 1198 8183 1116 7858 4057 6786 333 189 377 7758 77 953 8326 7865 219 785 5643 4855 4992
7743 8051 4922 4997 2174 5062 9227 1451 6648 718 1862 3138 3890 1367 2597 6414 8698 8330 2275 2695 1354 4930 8395 8372 101 8124 1119 5935 8188 1405 6909 5451 9183 6404 7109 7625 5625 9857 473 5290 5007 7883 4229 7752 4206 3368 5859 1596 4288 7846 6893 7812 3322 5520 9830 958 3924 9577 796 6587 3956 6314 2975 5229 1606 2926 8215 7408 4180 7067 6904 9254 9452 5573 6178 7062 655 5972 6460 5957 6413 4464 8617 3596 2261 3739 3222 9926 507 6771 1700 9902 6571 7836 7832 6201 8238 8242 9151 7090
3278 7771 6471 954 9172 2645 359 3184 9279 1595 2259 6490 8400 1898 1999 1707 9743 3513 4800 8999 2107 6916 7128 2378 2582 3531 6916 8155 5171 7256 8420 475 4161 9009 299 9677 5619 5192 9050 6315 3510 1987 4618 3256 1404 3387 6381 3995 3630 5470 3757 1506 5457 9150 4968 3536 8885 3398 9177 6526 27 8313 4884 3932 2380 4552 9593 1158 4101 5634 3337 4763 2536 5644 3543 3276 9139 1908 7442 6996 4113 921 8737 6473 4350 9475 4720 8616 3285 7390 3343 5097 5723 1452 1748 6911 6531 5653 9722 3898
4111 2034 9959 9428 2002 404 2838 5245 5632 9840 2778 3662 5372 778 1864 5187 9951 8900 1115 6666 5475 9109 4764 328 7970 7247 7171 2759 7908 13 1971 2789 6052 7852 4555 6265 8448 3241 7549 6149 7752 5924 5996 177 8926 5405 7850 9246 8122 8772 7398 168 7740 1214 4995 3049 3828 8708 1878 2841 2868 4268 5142 1281 5942 8858 72 3624 5458 241 870 6210 2704 1751 8224 7397 5710 7941 140 7539 7113 8986 1321 1785 1491 1405 3302 1708 4596 1363 5452 468 3453 809 7213 616 2019 8365 3511 5345
7292 4976 5270 233 3142 8788 248 3554 9615 7127 2102 5712 7293 8510 8551 6721 7728 2236 4964 4610 1278 3839 2702 8926 5467 7176 6386 3955 8527 8774 5211 4780 5510 5649 2813 4848 6107 1206 3018 6333 4968 9735 7464 6629 8359 7055 3547 1644 5751 123 9842 5972 7220 896 7506 8679 9859 4125 8113 8764 8569 8048 3143 4887 1429 1192 7946 7256 6483 2693 3316 4299 2178 9198 9446 4291 8 2914 3270 3896 7454 9265 1944 4745 6024 3145 8468 1656 23 5327 7200 4941 8008 9814 729 5224 4806 2925 7532 9581
9251 8133 5090 8501 7800 5622 3942 1054 3304 9058 577 5955 8791 1214 5692 112 2934 619 7763 2586 5352 1539 2798 5973 9514 3907 7807 8336 8814 1016 186 8935 3749 5224 2324 9351 4683 9169 4081 5726 5719 9492 6170 2440 7442 7023 6635 948 7594 6602 365 1321 4373 6866 5006 5980 2018 131 2955 1560 6672 720 6492 6935 4095 1268 7115 696 4348 6039 3009 7034 5704 6769 335 3834 9803 5840 8320 3812 6278 6060 5822 4716 2605 3741 5954 1 4011 2574 7956 4310 3194 2251 9341 7768 8668 9610 7250 2706
6631 4191 6251 9386 6423 1511 3381 6186 1736 3452 9410 5932 5840 4248 4964 6196 9185 7135 2521 5636 8466 1236 4678 5278 9860 4558 3182 3165 6525 3497 3539 8572 3823 6116 9649 4317 7352 4039 1937 1821 8411 9356 316 9497 6767 513 8957 9572 5090 5109 5844 2054 8609 2162 4223 2830 7747 6304 4277 8578 3933 2645 9615 7868 1364 3176 5815 197 9259 7992 970 9151 6909 7091 1900 6414 5152 6732 4935 5823 9597 6567 1271 7605 3186 1164 4146 7172 1887 4342 8915 1118 3846 9665 8847 5703 4553 4059 9492 5281
6675 802 1233 9401 27 2416 3215 3690 1739 3286 5813 2774 8738 1410 2766 6467 8246 7460 381 1706 5305 3394 6258 6798 3639 1785 754 1445 1110 9192 4967 3228 2998 7286 3015 1429 5740 1186 7963 8193 2516 2324 3875 3694 7945 4550 6626 992 3781 4924 5803 1132 2820 2612 424 7351 1805 3872 1773 2841 2195 9093 5183 3465 9132 6974 398 4826 1468 7174 4090 8227 7551 3872 1983 6647 9445 9919 2626 3706 8640 4382 1601 2055 7676 6689 437 9865 6322 1865 3842 8912 6862 2700 1454 1253 7757 488 2879 3882
5301 9947 5442 7703 7522 4784 1255 1783 5884 9704 9380 1014 338 5878 5177 577 1116 2941 4244 1957 447 4608 7696 111 6902 6297 821 4125 5629 2556 8961 5767 3345 1105 5250 9490 4906 8953 6211 2544 6382 4198 1352 9581 3492 8022 8340 1472 6375 5017 1172 8621 8964 5163 4043 3198 3622 8485 9517 6447 7596 4760 2350 2508 9239 41 3951 2825 8292 7426 6102 6788 9695 6520 7186 8408 9210 4942 6640 8738 6233 4971 1285 9906 5170 1737 1307 6304 9997 6926 4256 7608 4867 1586 3786 7438 9336 9999 7920 2660
1772 9569 6215 8122 3465 7168 4887 339 9571 4729 4780 1207 2249 9702 3076 698 689 7837 6737 8517 6366 6147 7051 236 2522 78 6173 6735 7375 1719 4003 2911 2893 6112 1849 9339 5772 5688 405 5072 5950 812 9617 4573 8039 5396 45 3349 6204 588 4130 126 1351 4079 5270 9518 7787 1139 7838 6524 125 6169 312 4953 7405 9122 2237 6602 4056 2498 7127 8192 1562 1116 1207 1902 4050 304 4048 5292 5126 7310 9041 761 6769 3711 1231 5580 1825 7797 3991 6250 2850 5176 2807 5877 6109 9130 5453 1660
2928 7250 1386 5606 2892 5751 3701 1533 2140 7694 9086 4989 7601 8526 4758 8230 1625 6512 1083 3139 1701 1200 9239 3950 4123 5182 3305 2838 2800 9376 8607 1797 2558 3219 5630 5283 3879 1241 2841 6554 175 4028 4605 5059 779 6101 7441 6069 5447 8804 4963 5514 9417 7228 9299 1622 5537 3191 4265 9479 7910 3701 9281 7318 5001 3241 6010 1733 7803 1913 8368 8153 2987 5557 2439 825 5446 1004 4487 47 3851 4987 6056 4266 2932 9865 7269 2111 2433 5163 8561 5980 9752 8806 8449 3545 5086 5273 6956 1325
6819 3818 9373 2034 4189 9320 1775 2243 8441 278 7993 7195 4241 5262 4625 3422 4678 6542 1270 284 1943 6988 1444 8640 2371 9858 2632 8289 7422 3944 4477 5390 7017 932 6452 3930 174 6171 8287 9093 4482 4634 4185 2573 5762 291 3630 1285 2835 2073 3531 9957 1227 6825 139 7258 6705 8543 7744 3935 1509 5363 8275 4228 8433 5686 424 3482 9588 3951 9180 9885 9723 7299 9856 7727 374 8158 7580 5602 2741 5530 1429 5741 401 4116 7163 8722 7204 5126 6140 9731 1601 481 9449 9003 4173 2347 8659 1556
4797 7285 4815 7334 8006 1382 8418 4585 4853 863 5859 7038 4538 3675 5615 2528 3926 7803 3330 9128 6107 1029 249 364 9092 8019 9793 6973 4619 9537 6502 9875 6171 4455 6033 7444 9658 856 8420 6946 8228 1629 3007 9591 4075 2490 5136 5723 1043 3153 4663 8228 8539 6533 4237 5751 5285 3548 112 8266 301 9828 7389 1459 5183 9676 5040 7088 1791 2150 9503 2026 5656 1822 2876 2118 9563 3132 9103 3091 7532 7988 4985 3405 8943 5200 9661 5017 5786 5799 9431 8770 3198 6132 5937 2084 4699 4543 3120 6860
9826 5906 7600 7517 1602 1336 238 7028 7205 7408 9933 8605 7289 5845 4796 7632 5886 512 4192 2604 1968 818 1408 779 4658 6124 7389 8681 7578 9625 5221 71 9 3349 5077 9504 7436 4975 9228 6165 3802 9868 5255 6528 5873 3296 8119 3885 3120 8239 3470 2126 1096 4315 7483 4871 2179 8329 7740 2043 6890 6195 7661 4761 3875 736 7964 1483 4251 1224 3919 6147 376 7271 2189 6322 831 1828 8159 7741 7032 5443 546 9794 5119 1979 217 9939 4467 9664 5863 4509 4064 1551 9172 5868 8454 9682 1153 7788
4180 9074 1259 6164 8789 7262 1469 40 5074 5276 5445 5149 6617 9791 2260 4946 5995 4548 9987 4091 8657 7471 1834 2544 8363 5821 9305 4047 6102 9707 1401 9293 5883 3384 4970 3075 8680 2525 377 1407 8628 9209 8321 6419 8850 9961 1895 9804 905 3367 9107 8068 6818 9827 5744 5971 3895 9368 6565 1228 6678 6150 3235 3573 6322 7771 3284 6 6093 6072 700 1016 5599 5221 1776 3413 8588 7620 3112 4393 9583 5282 9025 5920 5714 6949 7166 8388 9776 6626 3046 6152 4225 8937 6468 8127 4834 315 1192 7220
8929 8950 1655 1619 1852 6121 8030 4208 9702 4459 3488 9242 1592 7832 9573 7899 8902 8238 4725 8068 9412 355 152 3087 3926 6964 5991 7307 9472 2481 5158 8598 4720 6115 3231 2725 4323 4 8220 6730 1475 1158 9949 2975 6371 5326 3689 6473 621 653 4244 3973 738 5465 9426 8921 1772 1231 4670 9933 5511 3486 7724 1733 7704 4417 8320 1263 3269 650 2593 3542 8801 9857 8622 6513 1183 1664 503 6320 7177 433 4485 7782 3678 2372 5930 7245 5359 7473 4500 8438 6018 6657 6426 841 6558 7469 9335 1588
9160 6044 2103 363 4411 3322 2956 1427 4351 2285 7917 3969 8498 9647 4409 2040 8716 2754 4653 2847 8307 348 9777 4828 7981 8952 3305 6441 8329 339 7723 3246 4248 7450 1277 7414 6150 4849 5588 8058 8655 3573 6094 1919 3728 1360 1467 8401 1062 3365 8281 9886 7095 1612 3521 3918 2940 9305 2767 5095 1219 2938 4615 4977 2456 7406 6036 776 667 3092 5765 9297 7381 5504 8895 4973 6168 8394 603 8998 384 5723 53 6531 6617 1344 2865 2743 2333 2169 5963 4441 1316 1681 2876 7440 3843 9613 6358 1673
643 4573 3313 7258 9763 9687 4899 9302 9815 696 4007 4440 7510 7574 2882 5152 9034 2921 9315 3139 9885 6562 3015 7000 1902 8264 8737 8634 7390 5017 2601 3608 3762 7735 8263 3314 668 9585 3031 3743 6625 4546 5396 5000 4799 3833 427 4734 3244 4721 8730 5896 8424 8722 6918 6147 8946 5200 3749 7368 6540 3153 5886 2541 5756 812 4874 1100 4203 7615 1869 1839 3549 2314 9995 5533 3104 3575 460 4604 5034 9610 3434 348 6379 2482 763 5018 5468 5610 2876 7194 6102 8290 4267 3619 3069 4233 2047 2828
8176 5822 9255 6048 7164 7244 6230 5991 5588 2740 638 6183 7721 4981 6338 8872 1226 2772 9797 7356 8998 861 1218 2811 4816 3635 2327 4778 2379 5023 3050 9828 4640 5894 5836 1063 5398 2737 6978 5183 9178 9298 4569 566 7702 6889 9100 9666 7550 4851 1759 2912 629 6767 2664 9825 7980 6643 4800 1937 3639 1985 8807 3755 9769 5542 1298 6403 6801 4176 2444 8647 3171 691 9819 4767 8160 8721 1777 8011 8985 4224 951 8831 3587 2315 1328 7021 8797 527 9521 4755 4246 4639 2289 5187 364 3690 2219 4091
8112 8339 7147 974 8932 2473 5776 9496 9702 7547 1457 7041 1541 7454 4084 3825 4441 3480 9147 1567 181 2692 5829 1168 34 5243 7192 1598 2900 2453 4004 5009 2367 6148 4643 9256 8254 3320 2200 9598 9181 3204 1015 1781 6761 3947 8932 1058 8123 2489 3817 7378 2171 1646 8771 4977 7111 743 403 9283 396 766 3980 6121 490 4244 117 1934 8097 7208 9937 9763 1869 4030 6638 811 2935 6581 1447 7725 8233 823 3067 4149 4364 3874 4710 7745 6039 9655 5243 7317 9270 8896 389 7001 7741 6468 9602 7409
8307 9294 8085 4951 1183 6042 9994 2164 6750 3173 2745 7712 4402 9245 4347 7185 8377 5982 8125 7023 114 395 1029 3198 6130 9058 9914 6255 2457 259 8799 3989 2647 3198 1959 3732 4727 9612 2951 310 8051 8449 4029 1824 8895 868 8262 4061 9760 3842 2665 2843 9631 5174 8347 4211 179 9729 1493 1961 5057 3948 6876 8288 4862 2240 4231 8404 7645 5258 6481 7238 1913 3587 6915 485 2880 1178 2130 7888 3430 1957 8274 1698 8894 7257 7803 1441 6043 8137 673 7161 1173 2909 6809 520 2925 6775 5863 2824
1285 6906 6555 1294 5838 9919 9378 5749 3462 8725 5381 5465 8189 5925 7005 1459 110 3046 6958 2630 7288 7290 1847 6428 2372 5848 9135 1213 7530 5989 7341 4873 460 4913 8789 4559 4719 4371 7075 5605 1406 7371 3194 7341 189 1551 6908 5647 3735 8194 4170 116 4435 3517 6732 406 5215 7455 4311 1645 9301 3619 4193 8929 4702 396 8515 1959 5716 2557 6056 452 4651 3061 2976 3150 472 9718 6167 676 8755 1348 5423 9326 1797 758 600 5259 4421 7884 7321 1463 3389 4472 7701 7305 3048 4986 7906 8293
3348 2427 6491 7535 8521 1403 9299 4441 7763 7546 7562 1692 2218 9171 9119 6728 7532 6052 7426 9773 6066 5912 4449 9792 3814 6001 3307 3490 3439 7799 87 5788 9187 8330 3022 4964 854 3967 564 189 1490 6854 5746 8379 5836 9828 3961 4913 4670 7114 6147 2381 2762 8410 9740 4530 238 3777 7056 4667 492 7683 7598 5087 1044 6479 9321 7160 9115 9867 2794 870 7479 2453 7870 8764 8015 5565 944 3115 9070 5343 1955 6001 3006 6936 4095 347 9218 9729 4123 3233 8646 3904 4298 6699 5918 1913 119 3935
301 6524 3994 2680 669 8382 3498 2682 7040 3887 7121 9074 5211 1269 25 1887 3706 4551 4026 1043 9265 8217 2121 1000 6988 8505 3235 3826 5851 6911 926 10 1094 3947 600 1225 8184 9181 2457 4490 2014 6796 8119 505 5854 1280 9130 7747 1518 9972 8570 9590 1773 5198 124 5256 1810 5647 2168 3441 4743 4938 3417 6889 5386 5504 5287 8289 7716 9901 4048 1942 2552 6658 1331 3475 6055 514 2998 3431 693 3963 4479 2029 9506 2109 2828 5880 6796 1991 6265 7315 6296 5314 4776 1224 7633 4132 5833 173
2446 7115 1105 8319 1745 1927 4211 6292 5448 8111 3557 1208 808 380 2922 500 9328 4828 2542 1346 6969 9485 1151 5001 8338 6714 9311 7226 8175 8876 5178 8936 701 7336 9623 4952 2743 401 8719 617 1544 4649 6851 2882 2956 5970 9672 5601 4810 2566 5450 8966 7028 5796 2001 8369 8000 2326 5513 9326 9703 97 5757 7981 3506 4759 6909 3803 7426 2767 1562 4712 8228 7675 2057 1992 6397 772 2344 6660 1998 7544 1173 5 1303 5367 3074 936 4870 5708 6161 7035 6895 8860 1589 1821 663 3168 6585 4678
2179 7128 4792 9319 2327 1064 4022 5435 2908 996 424 3119 182 2610 4216 6457 3768 5324 9415 5591 9313 1999 5784 4553 2956 493 7880 6531 6188 8090 8458 1033 5087 6548 5280 8961 1277 2129 7761 908 4810 376 6552 5037 6126 9092 5744 4517 8797 6903 1247 7917 4283 4527 4075 95 5036 8446 9265 5127 8875 2097 4876 3249 2249 6154 8599 8502 9875 961 4202 159 7635 5459 6154 4518 6080 6655 6852 9985 6787 7394 5537 6689 3685 1647 6326 3016 8686 7172 8481 3796 2220 8722 3539 2432 8108 1945 1480 8061
6204 9418 18 8257 4600 8502 3736 7779 2413 7000 4482 5219 2579 4175 2305 351 9991 4489 4296 1913 3776 5250 4683 5986 7794 3867 768 3082 6384 4499 5124 1819 2282 9515 7843 7998 1201 6218 6400 7802 3928 2408 3277 9693 8946 5806 3621 6097 5403 2352 711 5096 4481 3001 2586 782 136 4573 5290 5601 3673 3594 1229 5212 5207 6147 6983 4756 2112 1625 5971 623 9112 279 5029 4954 171 7215 6517 4862 6001 9950 8985 3613 6669 3931 9874 6532 3789 8691 3606 9375 4172 8511 7180 5034 6357 1395 3543 9551
5441 224 7863 5712 9102 5692 4065 3798 9883 4702 907 6006 1064 7749 5537 3274 5940 2107 1633 3686 9370 7537 3905 5004 1072 6334 6037 7606 7450 3815 8929 5698 371 4708 9324 2872 9276 8305 1293 3734 5550 3145 3931 8819 54 6222 3285 8675 1593 313 9744 8408 4262 3515 1286 7452 595 172 2055 9610 4290 5104 2577 6266 5810 1429 5131 9167 4934 3369 3292 3102 7739 9021 6919 6666 6569 3776 1078 2378 7260 481 6456 2471 7823 5818 2181 1613 3607 6747 1976 3148 5227 746 5472 2663 3720 170 1303 4235
9446 7988 5308 6310 7596 8362 7005 7918 4988 5826 3902 3080 1561 7150 9295 2278 7649 7607 4390 6829 1318 4871 4417 1734 3101 4457 2773 7886 5605 5137 57 8926 3598 2512 1504 6388 1862 2469 992 6087 222 4210 8436 3694 8273 654 5038 4888 9008 3064 3276 6731 578 7922 5713 3923 6730 1813 9231 6191 1247 5100 4295 3646 5453 9999 5509 334 2407 8965 1563 5704 1306 7662 7257 2934 5266 7925 4799 8921 2214 2022 2839 222 1918 5268 5403 3049 5237 6757 6844 4010 1013 5402 7743 2492 527 6486 2480 112
9552 7255 5828 6635 8612 418 9103 9517 4082 7199 7476 3980 1383 1255 200 3187 2697 5482 5102 3737 4596 9246 5995 6083 9570 6998 2881 9425 4342 3699 378 6979 402 1190 292 3328 4824 3606 9456 9975 3608 5857 1497 8142 282 908 216 5197 2219 5509 2553 3745 8969 6054 2103 2467 2226 9494 4597 4143 8762 4668 163 3193 4429 2946 5381 4794 38 3458 1750 2122 6953 7500 7123 574 8652 6933 3448 5883 344 2458 4932 6678 4990 4975 8390 4166 9074 5595 8513 9981 9474 8182 4918 1357 1092 2271 9598 5274
3474 5908 812 6672 3676 2749 2296 1563 4940 3773 5245 4803 5419 3731 3228 9232 170 9234 264 8754 5726 8826 8381 6271 1486 7113 3489 1604 8671 968 8218 4171 8506 2851 7096 87 8152 1733 5513 8861 424 2276 167 6377 906 6630 3386 3984 7924 2221 7896 7606 722 7821 3386 1389 6354 2518 7052 5177 6988 1002 4177 5636 3409 6374 532 5558 407 2934 7538 6211 6316 4786 4811 4360 5069 1463 1233 6702 7719 6709 1468 8710 6074 6269 2113 6779 6513 6316 3424 247 6537 1123 6403 1882 7613 5287 4735 3072
809 9576 8060 1097 6612 7939 4845 466 2605 8110 3599 8666 7487 3241 4867 3749 2613 8141 6129 8207 9727 9504 9318 3634 4658 6213 6326 97 5301 9255 2082 6581 2684 218 7463 6997 997 3695 8487 6898 1549 8554 1638 8818 8928 8368 5393 4257 1838 6571 3742 2495 5178 9252 996 6026 5850 9300 1914 5457 4015 337 7044 3933 3191 4188 9979 3140 1014 3179 756 2392 8681 5038 2353 1745 9241 5890 5040 9095 4247 8949 2710 7151 5764 1006 6256 6859 8348 9277 5829 198 2635 623 7533 2105 6487 7275 3419 9153
4253 8884 1368 8261 1669 59 8582 8937 4700 8981 7836 6650 6041 8997 3793 2813 8871 5059 9094 4885 7991 2540 18 2121 7486 538 3901 8982 1098 773 3492 270 2848 8307 8001 5703 6314 7825 1603 7819 5814 6609 5848 6914 4936 1641 8414 5708 7499 905 1074 7740 6609 3464 8748 9216 5963 6439 8241 4886 1391 5207 8274 1367 6275 3621 2616 9185 7073 8523 7840 2704 5236 7947 3781 5570 2742 4977 8749 3128 5562 1922 4415 1319 9390 8664 3057 6644 7188 3341 2120 5369 9831 4730 8418 3706 797 698 3498 4333
8875 9954 4259 5484 8828 5962 5420 1510 4171 220 3209 7664 9493 4498 6618 2369 447 1556 1959 8311 6474 8779 7945 7083 1807 7540 1131 3769 1513 5604 300 4295 8107 5945 5234 1901 2114 8340 9698 7741 8036 8389 5836 8221 4100 8745 5609 2472 3410 9286 4637 4662 9707 2053 9121 3673 2370 3504 6228 1512 6932 6857 8024 3745 8544 4173 9373 5444 3669 2642 8483 7226 9818 9316 4462 2233 1423 4830 3959 3462 3716 3707 150 4091 363 1128 8746 3290 6423 4185 9668 5933 4239 9767 2620 3970 6684 6414 9615 5803
8037 5931 5185 6106 5193 3078 3601 1890 1837 2746 7290 1460 7870 6013 2682 4633 608 4753 9883 2614 4412 9355 8736 8376 5532 644 9645 5277 9616 3452 5405 1240 5628 8004 4859 6922 5860 74 2003 8398 6615 597 8224 8875 8710 1274 2625 1446 4195 4908 3588 8625 6850 2866 8221 186 4034 8981 3821 7222 5260 3592 3368 7375 4323 884 4889 6839 1806 5067 278 9243 1515 771 5461 7680 8721 7825 8145 441 5621 1205 4300 1830 1526 4232 1815 7747 915 2446 5773 191 6171 541 4966 7074 7952 5681 7080 3441
4955 8645 6792 8153 5502 5865 7409 2712 9627 2811 3138 1820 7000 3094 9819 3863 5452 3623 9160 1678 6742 2831 8378 1669 7188 24 7667 2252 657 5739 1771 707 8495 3303 2363 3004 6059 8912 6894 2079 8645 6280 5936 7953 9930 580 1731 1886 7467 2098 7767 2183 8824 8576 2827 2352 6699 5168 6258 9148 2568 6209 9645 993 5348 9241 9976 3201 2382 1733 5371 6704 1603 2226 2056 8332 8594 413 4400 4734 5137 4128 5458 9819 425 3283 3819 812 6205 9052 9293 8927 8488 4572 1531 1765 7505 8819 545 1729
6157 7591 1774 9903 7258 6339 1164 3517 3099 7439 4021 5728 5516 7974 6135 2675 5165 3362 2017 9870 437 6370 731 6010 8892 6182 665 8235 1956 3395 2151 8144 7601 777 4704 7797 5481 4072 4712 6001 5750 1784 4189 9229 1078 3250 5721 2449 5748 4658 3292 9554 7403 1990 4153 870 4645 4392 1279 7206 1945 7892 8857 4280 7799 5166 7229 5072 6063 7089 6179 5926 2404 7271 5054 4765 3740 2583 3650 6480 1837 5174 7119 4986 1362 3963 2010 8076 2694 2027 1971 8367 6935 7837 684 3722 8285 5072 7033 8455
3170 1773 4962 5062 3921 5937 9895 6520 4213 531 5321 3934 3898 6931 5458 7367 5430 4589 6749 2687 740 8951 4757 9305 7191 3969 7228 5327 2088 2662 8627 5647 4597 3840 9048 2717 122 5356 4007 2959 3301 2719 5191 711 2767 8534 9261 1150 212 3062 6264 3163 5228 7683 223 8354 621 812 7359 7284 7938 4301 5812 6172 7861 2344 3508 8825 381 8712 187 803 2542 6399 2825 1598 4192 426 9905 2743 1264 8645 8961 2737 4979 947 8115 3091 4224 686 7719 4129 3182 1262 6097 4301 7373 7665 5426 1609
1782 9584 4986 3998 6997 6510 5231 849 2856 6917 9656 7016 1700 2468 5698 2435 1356 690 8082 9227 3918 4419 6902 536 2664 3679 9471 4967 3421 2285 7647 9742 4431 2107 120 6502 5158 2064 7759 8088 5611 3983 6 4620 5227 459 2201 4997 388 6736 4045 2437 9792 4160 8037 8332 6378 2288 1237 9270 981 7288 9688 1668 8895 8814 9234 2561 574 4242 8134 9209 6604 9076 2849 986 1528 5782 5453 7612 2658 8004 4109 5895 1143 5889 3495 9247 8798 6010 1823 7853 8180 4865 1022 9474 6516 6737 3244 3581
6574 4572 3025 5356 4623 5875 6869 415 3113 6386 1460 3550 4804 3394 8157 8402 5693 545 9203 977 6623 6711 3954 6764 2206 1282 4444 8363 8265 5755 2836 8477 4518 7862 1065 4310 9265 2677 1108 8452 1472 4018 7610 9425 4811 5716 7672 8765 2896 7429 3697 9521 8987 736 7055 932 7805 4453 6902 791 3597 9346 6488 9408 4124 5238 426 1757 4026 3211 3540 4677 7727 1897 1571 279 7076 2552 9377 9022 5701 8068 6458 3728 2999 3947 393 8592 2151 1447 2332 2562 2192 8350 484 2633 8831 7585 9937 2799
139 1587 94 4437 6135 7396 6845 4216 5207 4633 3469 6117 3820 8948 4078 4201 1061 4975 9548 5905 253 4798 2596 9214 6938 4739 9584 7474 2058 6752 5888 9365 4200 7503 9272 117 7219 9325 3305 3637 6482 3191 5573 5352 5182 6181 8267 6444 5373 2150 5341 751 738 8955 8985 9548 5606 9926 6709 7678 4862 4080 4280 2920 9813 957 1777 3386 3919 6499 7493 352 3784 4224 605 4970 2297 7092 9020 9622 8930 4541 2964 1798 9316 3542 2919 1580 4522 54 5726 5948 2886 4133 481 3031 8581 8192 3994 715
4842 8742 6788 6091 4953 7286 9097 6596 5379 7147 9104 2912 4528 3638 7292 838 8876 2779 9693 2546 8523 4521 6595 4816 3185 647 8332 2909 6226 4371 4355 3818 1381 2971 9118 5954 6149 3350 2618 3473 2458 8467 3245 1856 9237 881 1364 7128 5233 2122 140 7343 6815 6900 4828 7901 3991 2393 246 8203 6019 879 9715 4839 4559 5068 8 8742 7254 715 8203 9579 5507 1899 3715 910 9485 9738 4403 5501 4375 8197 8052 5899 4519 2703 9430 3382 4587 4559 3720 1897 2118 1230 399 7519 804 3168 5690 3164
212 776 3231 874 2288 2265 5245 7098 6756 3001 6477 2011 7391 870 9341 3507 1055 296 3272 5787 3023 7332 1475 2534 4464 8626 1885 4895 7385 5376 1452 6825 9103 2016 23 8006 8043 7160 2260 5031 7196 37 3663 107 5530 2984 9630 6585 5005 5801 3736 8240 8073 2344 5812 1495 29 8225 8482 1236 8480 1013 2932 7506 7812 821 477 8998 4809 1618 9632 2816 904 3401 7774 2812 8043 9460 4613 8081 7232 1191 6469 5401 9879 5287 6931 8811 8448 4523 6973 4048 6252 5434 5576 9897 924 6802 457 6916
7114 3699 9445 6857 8944 4578 7997 4651 4066 161 8028 2440 9101 5626 6238 2655 6208 4383 5784 12 5503 2770 3159 4599 7711 7474 985 6090 1830 8244 425 7675 6948 8441 6548 3647 9925 3135 8772 8841 2279 2437 7416 4962 2517 8580 3422 6373 1776 3027 5418 1202 8961 9207 6358 5706 4111 1827 2977 7822 4599 1162 8188 6921 4317 31 2017 2553 7724 4563 6477 9471 2582 192 8968 4461 6475 5640 9710 8232 7666 7523 7626 696 1029 1121 3121 3547 1533 8059 4521 8109 4164 5659 6692 6926 8839 8513 6833 7718
9485 6896 7455 795 6692 164 4656 837 1966 7446 2978 2345 3203 2843 6599 5842 7896 2028 8381 7855 4535 4367 7764 914 7510 853 8735 8314 1020 3996 6470 8107 1822 3602 2718 4517 2367 7991 2547 5812 2191 2463 2350 7988 2358 5106 786 1488 223 6039 4718 4621 8423 3123 93 7631 8639 5343 1069 3669 4296 6613 8225 7838 6328 859 9512 343 3788 3182 2999 3260 2329 9105 2655 9683 9590 1224 1023 9115 7037 450 7129 7439 6177 4664 5732 1146 1037 9669 2762 2898 8991 5967 3780 700 2351 2208 8929 522
6811 9356 1678 6907 5685 5347 3833 3158 9707 1581 9100 6782 1479 8981 9202 2143 2688 5070 847 4782 3734 1955 9190 3632 7575 4889 7878 4497 4384 3155 9028 3348 1193 4687 4359 5467 1857 584 1342 59 3620 4510 4626 1539 257 6548 7454 6103 2238 7305 5362 5167 7598 6593 8009 1551 6093 9003 5463 8978 2917 8805 1728 2222 7917 2989 9312 8206 2380 7420 4442 334 5245 5853 6462 6477 8915 1734 3763 7535 813 6676 4213 3874 1827 730 5327 5678 5576 7889 914 454 5386 658 9013 5501 2528 2038 4127 3584
8218 977 9190 613 3102 2498 2375 2351 1745 893 4391 798 1 1913 2549 263 6772 801 5568 4716 1955 6582 7682 3008 3157 1279 8315 1433 3912 5661 8090 1940 6754 9956 3743 9314 4950 7551 4352 4162 7947 6736 929 8220 4839 7642 6903 2831 1389 1516 9371 8455 4981 9400 1691 8923 4104 6057 7240 4971 3568 8837 2281 3098 2720 3160 369 5399 3428 1828 2123 7047 275 6342 8062 2781 916 8088 8881 2481 6004 1036 5683 6488 6172 6108 4508 2983 9410 8231 2189 8602 9665 8064 3918 3083 7745 6367 4717 2531
2004 9494 7527 8266 6962 5929 1024 1696 9231 1401 7419 2581 7913 5054 2046 5337 9856 1021 4847 8766 3436 4920 3793 5622 9303 872 3228 9086 2883 3781 353 5405 7035 6662 5067 6721 531 8319 1065 4258 8266 1347 4394 9310 7632 4242 7080 7560 3797 9556 9029 7923 9511 6479 1161 5691 6483 645 3239 9256 9991 304 9496 2942 5738 5323 3050 8128 8818 8622 8245 9221 1075 4814 8639 3648 8698 5946 7910 3611 7856 1089 6224 2073 5716 2674 4181 4289 7579 9839 8548 2163 4628 7134 4597 5686 8687 5942 876 4378
4313 131 8366 3357 9257 6713 6798 1573 8245 2704 1062 2908 6734 1360 9237 5388 435 7200 5380 2168 8758 5576 8857 3831 943 6106 8376 3386 3712 6877 133 6114 3376 3288 4195 7760 1020 6512 4399 2351 6395 7068 9729 3269 4836 455 8624 218 4593 1127 1762 3963 6244 3105 5921 2062 473 8351 8512 264 776 912 2871 3187 7388 7850 5749 363 8025 7033 4166 3777 7687 5204 9161 5158 3062 6323 8620 7748 6914 3787 1432 4595 9084 5682 3368 4641 8719 657 5038 2889 8148 8299 999 3656 2282 8287 1517 7730
8949 7277 6093 2718 5392 7014 2960 5490 4054 1174 314 1235 4913 9030 4811 58 9673 109 6158 2716 1140 1714 6011 389 2159 5980 5940 5567 9418 9644 5654 2055 6057 1518 7083 3983 8075 7232 5526 6886 6454 8197 4072 6849 7876 6236 7809 9080 7985 5400 9730 5829 5916 7944 9263 2621 6880 5443 1825 7045 9420 8610 3828 9169 8237 18 4783 8197 8888 5776 7510 6674 5097 4800 8614 5833 3478 6926 5654 8980 624 7279 7223 1022 9349 4586 1422 4470 7490 2738 1680 3508 2448 8944 1909 864 7408 5643 2301 3294
8283 1305 8809 4972 7086 6553 9041 5291 7947 4521 8319 2982 2473 8200 3800 145 5453 9618 335 8569 7475 3318 4036 4310 6044 7375 2730 7228 6062 8154 4833 1142 9098 7217 4941 6366 8130 9017 5003 3141 4823 5837 6029 9940 3819 1115 890 4447 8791 7350 5333 6568 6127 5682 1732 4942 4318 3132 7749 6277 2269 3493 1916 7259 8098 4299 2179 7541 541 4627 8790 258 7765 8829 6258 3764 7735 1569 6304 1388 1656 2311 9953 3295 6626 9046 2266 5081 2648 8887 7304 6328 3399 9109 1572 6951 9389 9929 6153 1583
8351 5974 3980 1386 6856 514 4986 3504 8249 4591 1179 4107 6026 5657 2799 4544 7104 8175 7757 6233 6886 2343 1011 6169 67 286 1141 290 7322 4803 7883 8783 5210 4290 9885 693 7144 1863 6368 2243 376 9848 9456 4896 3610 7561 5053 7649 507 8972 2546 5352 3951 2220 2707 9456 7148 372 860 726 51 8223 5779 6950 9231 5882 261 9216 6224 7315 7371 1339 3033 1822 5329 2910 7026 3415 3044 8428 5047 8443 143 9 1343 6554 2433 5783 3718 5559 4372 1777 57 4309 174 6341 548 1109 2876 1958
9086 2436 5032 4857 5486 8330 4592 6372 8143 6611 8155 9610 2358 202 7533 2771 7258 2196 3427 6004 7644 2174 5867 1256 9155 9649 4446 160 6638 5477 5184 9207 5918 8995 7214 9482 240 2752 8941 7831 3186 4481 6563 5438 7593 680 4001 6983 7355 5995 6171 7592 87 6672 9691 2950 916 3532 4997 4728 2220 7883 8507 3405 6954 278 5430 467 7868 4328 933 526 2153 7919 4339 6364 5478 6477 1437 5013 1706 3442 7015 881 6115 5041 558 6778 3753 4965 6373 1747 5975 805 5231 9216 2195 5615 190 2087
5432 1647 5438 8381 3453 6275 2095 1709 1046 4098 9953 5911 8723 3959 1294 4236 306 4968 9561 3264 9188 1946 6728 5891 6969 1564 8260 8274 3815 50 7406 1456 7524 5989 3314 6022 875 191 9846 4460 8970 7689 2315 7079 5344 3751 7896 350 8337 6693 7028 1236 4728 7946 4189 609 2912 5776 8846 3617 6459 7610 9885 1151 6536 7894 1040 3953 5435 7838 4380 9760 9613 599 6475 324 322 7419 3358 571 5101 230 9665 5791 3997 5209 6711 6787 4500 226 8581 3532 9252 5169 5296 6890 7354 446 2464 2225
199 3549 9155 3375 6308 2976 9194 6396 2666 727 8134 1611 6876 6157 3462 1541 3839 8775 8952 329 2718 4767 6738 316 2178 570 7339 5403 2005 6929 3371 9619 8782 7971 5337 689 3277 2838 7536 3989 8168 9377 3773 2746 1471 7490 571 8706 2331 1175 2855 6986 7436 8532 670 4454 3852 9322 431 5211 2408 1430 8429 5279 3938 737 9746 4384 7276 3729 60 8408 3343 6470 8074 1302 3915 5015 6958 5863 8494 7798 7378 7051 5884 3613 8280 1837 9600 2774 5157 3748 2207 6069 8738 3059 990 9022 8790 6798
3112 3753 390 6839 1700 7224 5035 3537 8282 6673 5175 5139 8888 4536 2073 8159 719 9620 9603 1288 189 3584 249 9043 6032 7854 4613 8294 2067 5359 6483 1861 6382 4771 2510 6080 5389 7372 8602 9835 3191 9856 9089 4924 8323 9263 4748 7273 487 8709 9651 1336 9796 9581 9316 1151 5809 3947 6259 3857 3616 456 9104 1923 4252 5999 8326 7833 2023 9497 4767 3707 9607 1348 1685 2284 4310 6939 3898 7755 9082 1730 8760 4041 6082 8076 8023 5640 5201 6283 5300 1548 8978 6243 9231 6868 414 6861 8098 2330
3230 6447 5590 1775 9082 5003 1777 7250 3856 8106 9430 6361 8186 4461 4937 9703 3404 4621 8510 6383 9328 1091 9925 7127 2550 2962 5220 5066 211 6823 4624 2939 2061 1936 7694 4781 2560 1539 9079 4520 3079 767 4041 5680 2253 3183 5474 2069 3652 9424 5594 4701 2055 8630 8905 1479 4233 6470 9186 5582 4838 6596 2914 3523 7618 3409 5709 1904 9197 9068 9336 9536 8514 6816 154 8575 2963 4653 1054 9941 508 6811 4555 5954 9714 7989 2178 5996 5167 9807 5879 6456 7241 626 8515 805 7269 1402 4376 4816
5613 9267 9104 1360 1668 6751 490 2019 810 989 5407 4225 2401 1158 9663 6366 8068 9059 8052 1073 6898 3227 9098 4057 6294 2644 658 4394 9827 1962 4275 5148 8027 7345 6562 8455 7786 3981 7821 8820 5783 9225 9881 8685 6124 855 6762 2942 427 5717 6886 114 9021 1739 9274 4156 9766 4380 4705 1228 1790 5599 7286 3827 6885 9677 4032 238 2453 2599 9556 6350 6557 6803 8190 3354 5039 1866 9585 3729 1411 8593 3300 4960 4344 6594 4882 1374 9138 8637 8302 9788 464 6771 5708 4788 1529 6866 4782 6716
110 7715 4010 7154 4329 8579 530 873 9 4641 1362 2967 1842 1011 6188 9713 7587 7504 5117 823 5373 2868 4831 130 4896 7565 9162 9742 97 5730 2019 3299 8352 7010 5425 4100 5372 8586 2023 1255 1050 6767 7151 4922 889 4651 3535 7228 6403 2620 7749 33 3995 4545 9130 1340 1234 2863 6911 3109 4132 3227 680 1732 8629 6231 5516 4809 5688 4960 8144 1855 3093 3041 759 1353 8423 1119 3850 1696 8660 6088 6821 8941 1382 1099 5868 9715 2909 8736 7337 4978 3510 8966 3535 1788 5835 1958 1943 2567
4041 9917 5428 4305 3729 7173 5805 8780 9081 1959 2789 4725 437 9078 1371 8880 9658 1128 8824 2985 5513 1700 5679 7570 7465 6038 170 6538 3659 7439 5530 8476 4759 7354 4729 9941 6495 2013 3019 9645 7905 2061 6822 5772 2997 2696 6877 1791 15 7584 3923 5571 7937 7976 2023 7614 8153 851 2062 5078 7522 2594 3022 9021 2125 3510 8214 2282 2703 1197 3162 5831 1459 3510 6900 5776 7258 4769 7659 765 1207 6657 8354 8621 5755 3114 5341 8526 7491 4052 5948 3712 2029 1843 8476 2192 3853 6632 6595 3423
2528 7897 4494 9936 3547 4192 9542 2119 567 3810 9582 9846 6292 9278 3194 3654 5044 2026 32 7747 4025 1616 1426 2809 7610 6318 4090 6101 1493 1894 4424 4318 469 303 6332 7420 7175 8623 7411 779 9229 8392 7726 8655 5950 5393 8579 1494 4013 9503 4744 2649 8358 2945 8589 5714 8827 5235 3092 1713 9274 9883 6700 9913 763 259 9650 1647 311 8301 9380 9481 6852 5924 8497 822 4155 5010 1592 4848 9823 2851 2761 4224 6452 8334 3883 3595 285 1699 1053 9324 2713 4226 7247 2450 5119 1414 8578 7192
870 4699 216 5678 828 5311 6154 7158 9200 9655 40 6511 7314 2916 5709 9734 504 3111 662 8865 149 1708 3748 2232 6508 9711 6234 2854 7216 4977 3961 5759 5149 3409 7034 5880 3503 7668 8557 3438 2939 1116 6133 7083 9072 7072 5215 5771 4916 1408 9934 4110 5465 2105 5724 5356 4796 663 9408 8109 3437 6067 997 6136 991 7097 7902 3737 8132 796 3265 6406 5640 7780 4503 8810 6631 4324 4702 7477 5211 6798 5687 985 6602 2495 8225 7000 8492 9736 9534 3453 7233 6853 4523 7090 5102 9506 1290 1582
7190 2186 1914 3808 2929 8311 3210 7531 1047 3077 9708 888 3700 7978 8560 3801 2073 9994 511 9358 5348 8029 4602 7374 2946 1592 411 5799 4057 2359 5687 6618 1736 8298 6170 9526 4151 7366 7475 8403 7377 5482 1867 3516 612 9380 846 5247 9720 985 2283 610 8482 6599 5789 6703 1980 3653 3539 9949 3842 9008 4834 8358 4545 2274 2670 8513 2964 7043 5543 5581 9466 8815 1949 7532 644 3415 9962 8856 7006 1923 422 9553 3442 948 9867 6404 8010 3603 3175 3284 446 7166 5592 4717 4005 6585 6302 1093
1545 488 925 3272 3901 4649 1321 2839 5364 6334 12 3985 9614 9251 2022 7366 9724 2369 5065 4484 9090 1758 4984 4019 8138 3185 7146 9319 9094 9308 1055 9949 3645 6722 5805 5479 6464 8601 3912 814 2683 3504 3865 7016 8618 4166 8735 7980 8755 8722 4965 5783 7813 313 9303 2552 104 8824 3202 7491 8461 4349 404 2571 3905 3701 6978 631 8375 235 783 1899 2959 6068 5222 8128 8465 2294 4106 6351 9416 8381 6092 7243 3735 6200 3857 9914 7371 2381 5358 8502 6157 2440 8123 7008 1058 4954 4712 3627
2183 269 4630 9564 6086 8183 3229 5945 484 5521 6947 7053 8869 4217 7829 1316 683 8979 9531 1928 4945 1838 2814 8293 1900 1316 7530 8406 2666 1018 640 4255 1917 7998 8672 897 6180 7295 9275 2552 4318 7020 6043 4357 1310 8432 2692 6327 8543 9354 1896 9520 8556 4957 2243 8976 9850 8089 476 9135 5982 7944 9507 4519 6801 7743 6951 2754 1743 3326 6011 6041 7835 52 4742 1502 7629 4797 6412 9224 4661 4043 4861 657 6206 4633 2802 344 4970 2636 9929 634 1566 5112 7285 6922 580 3783 4062 1492
7908 6618 6989 3561 5516 8618 443 3187 2161 2567 2939 5581 8729 943 3726 2822 1704 6173 1389 2173 6788 6952 6188 2693 440 5281 5791 3992 2459 969 3263 2336 899 8193 4038 89 6526 1288 8478 3374 9228 749 3667 4757 9189 3399 3453 5600 5004 5437 724 3168 5935 1461 6644 7327 5625 3932 7857 1322 2774 4850 938 5050 5720 778 6122 1231 3589 3563 6159 601 7856 6848 8645 8579 1324 4500 312 7584 4008 380 5860 6012 7522 2854 7613 676 7222 6484 8519 5122 3282 5140 9961 3612 9663 5600 298 3281
3742 4627 9457 6067 8326 7452 1602 4049 2046 6206 4673 9034 5748 7424 765 2039 9394 7347 1193 8998 5672 9021 7559 6243 1591 1140 4366 6945 1648 1153 9136 7342 3536 5915 9817 2338 3500 3768 1737 1000 2065 5591 3472 8896 5699 2255 434 522 3573 7291 5942 5104 3812 6805 8076 9295 758 1262 364 3000 9816 7363 8354 9473 9424 1236 5279 1282 8480 7575 9108 6287 2493 4517 3577 8236 5649 7637 3541 8934 9799 7756 3904 1392 620 954 3203 5848 6740 4375 167 4649 1059 9782 17 8195 2207 4152 9334 6668
3927 5902 4693 9536 169 8234 888 7635 4785 1246 2169 3277 3160 1721 7452 8910 2289 9775 2394 2284 4942 4820 3469 3107 6946 8761 9977 7982 3580 4812 5189 472 1240 8849 9848 3145 8822 8331 5509 2747 3777 3044 2697 6356 5399 5625 9353 839 7257 5067 3340 6351 5553 5526 3648 7691 2234 4167 5665 2868 2438 5904 964 3289 70 7213 3886 9360 6877 5019 3059 9598 2064 2661 6534 7898 6057 4836 8185 9343 7244 6139 9837 9428 1750 5145 9950 301 7642 847 7840 5987 6984 9094 2088 6019 4834 5029 6785 6560
9490 4244 7167 2331 4392 6306 32 6424 2005 6941 6999 1372 282 3493 428 272 4748 127 3208 9257 1568 7301 8555 3389 1920 2913 3246 6286 9065 5782 1704 5057 4833 8087 3657 8443 9370 1578 5958 6045 5470 2205 4381 2826 5031 5574 4327 7368 7977 4737 429 1483 7839 5917 2177 2464 1226 6681 7134 1749 5396 467 3089 9800 6127 3325 6378 1964 762 6382 234 5253 3623 3895 6334 9259 8398 7503 1017 9187 7771 9911 7319 3953 8356 405 8279 7455 336 1781 3115 5297 7639 5029 9790 7559 5879 6580 464 4212
6612 5267 6221 2721 9758 2167 860 603 7648 1198 3039 1588 7513 6355 3872 383 2615 7846 3509 6495 5356 6910 7133 8996 9837 4395 22 5008 4935 5527 3434 2071 7659 7363 5798 8171 5778 3659 6280 5762 5353 7118 947 6641 9227 152 7148 3244 6305 8092 5319 4015 4527 3802 8735 9186 6908 690 1694 1010 3236 8958 6925 4445 6214 9543 5951 6878 3566 9943 9988 1025 8275 6875 7046 453 3304 7037 4309 4954 5341 5529 5869 6222 5732 7788 1913 1357 7489 9150 4840 9667 5659 9815 4233 1779 730 8805 7512 1225
1590 4838 6373 1006 2807 4928 9796 3073 1837 8309 9392 2825 9053 778 6973 1622 7198 1640 3869 7046 5008 9391 7489 4645 6437 638 8001 1317 8745 6061 934 4775 2974 3229 5403 9147 9202 4545 6726 6192 542 2120 3803 3343 9513 1861 3767 838 9493 6067 5811 9643 6552 9098 2633 9328 3492 689 7 7768 7012 4645 9877 2089 3736 4504 2833 7134 1482 4829 8992 154 6257 3292 6028 790 1075 6425 6517 690 5860 2661 7906 8433 2187 6309 6720 5301 8787 9628 7410 4752 6633 4062 2225 2588 744 1892 389 4500
1415 8466 7915 7171 1378 7172 3352 1057 6523 3250 7604 7518 2209 6284 6427 2165 7474 8006 2739 6269 3692 6983 8737 6250 639 3087 1216 9533 4667 9254 3823 2495 7298 789 5021 3131 8721 1382 4336 7853 5874 1825 4016 9295 1367 9596 1503 6230 4103 2413 4067 1145 4211 3044 6233 3560 6089 8599 5792 3955 3537 3465 8457 5351 3803 8571 9179 1341 2706 9251 9080 63 3316 3688 8148 2438 4418 3868 338 8622 7450 2371 4316 6688 5071 5337 8074 9687 2987 7032 3307 9135 2996 4637 5720 5117 5674 145 9322 7300
1328 4583 5092 9869 2426 6051 6078 1394 5963 1234 55 2283 992 3040 1823 9651 3878 2777 887 9203 2588 6763 5505 5420 3109 4412 9885 4515 357 9267 8391 9207 6079 8818 3191 2195 395 8531 3592 7981 7860 7188 5883 891 9995 5962 8783 8724 5255 4664 5314 6713 6406 5081 804 370 1216 2746 286 9810 9158 6525 7570 3908 3916 8351 5758 653 4862 3907 6241 9187 1150 4249 118 2097 3845 7713 5925 6804 7118 6964 2406 514 2789 6297 7535 3405 2059 2128 9400 9827 1053 7841 9878 2958 128 2482 4865 6507
8933 5633 9265 1955 3088 9871 211 6532 56 8842 783 7088 1844 7400 4970 8875 9663 5095 6321 9925 2124 9987 7697 3748 8621 3434 4940 2959 686 6390 1021 2268 5135 1583 2902 5072 7391 4083 6542 6113 1435 5503 6102 2360 3837 642 9892 1782 7770 7030 5264 147 6685 6061 4227 7187 8315 3895 3361 9444 2034 2092 44 2949 6034 4126 4023 2980 8269 6413 7788 8833 5574 4525 3091 3788 4621 7407 2061 8802 134 3138 2049 8904 1584 8251 4167 4866 2789 9620 6923 3030 5734 1143 9955 5077 7541 8112 4452 1527
817 2091 3639 962 5803 2772 4717 1843 3627 5670 5526 2232 513 9492 6739 1620 1123 8337 7013 800 6483 8208 5010 9203 2318 2607 6881 1593 697 5692 9351 5611 4614 1288 2374 6974 299 1441 7927 289 7379 300 6642 8144 8930 5651 1626 1681 7740 321 4770 3497 5487 9345 6717 4681 4500 8081 9395 7232 5833 2901 6670 7170 984 1711 5589 5305 261 7904 5707 8667 1355 4802 7412 4873 5787 6568 9018 5039 6319 5615 7087 318 2329 7610 2965 4445 5118 7526 6235 1732 1403 660 1424 549 5838 1890 4114 2020
9409 4492 186 5704 3804 6491 7987 3677 4166 6801 6344 1485 1121 9890 7169 9497 8651 3478 9407 9709 343 6430 2125 2647 7268 2676 7800 6394 5132 9703 2884 9958 4057 9997 3145 7247 6027 1027 8635 5027 3214 159 8933 9590 1718 6167 2748 9241 3969 424 5930 4297 2643 6941 2445 8955 5338 4658 1971 6427 895 1030 2499 9201 8110 8311 8180 4075 3406 4366 2386 4909 2313 7849 6998 696 5337 1081 6431 933 5829 6641 8342 5358 2770 6704 1546 8823 6135 3261 264 5952 8203 7938 1820 2896 5362 30 5400 6643
4710 8586 4277 5032 9039 9626 1728 4531 4913 9386 5345 251 9454 856 7995 4316 2797 4318 6222 108 4387 8515 5478 9848 2415 8532 5535 5569 5380 3699 3816 2745 2751 9064 8090 1195 7496 8972 8068 7853 5567 3383 5825 5422 970 6182 342 9113 9930 9259 1467 1138 8474 9628 4342 5547 9918 8966 5906 4430 6989 6166 2839 3705 6110 8200 9006 1559 4977 4703 3785 5693 380 9712 9247 4473 5567 831 2104 8535 7739 7610 7600 4487 5097 9465 1427 3882 1490 8289 2040 5296 7806 5570 1855 2245 9840 6291 885 2453
7526 6606 1169 4298 64 551 5564 6864 7957 2025 7866 7909 5428 1249 5662 4058 1366 6208 6989 4750 2490 8107 3619 9082 3228 6994 5383 5081 4175 4631 6204 9051 3106 8371 3626 955 9684 199 4484 2332 5627 7576 8518 6987 2150 5376 3519 4404 3827 2852 5433 909 3831 1311 1395 4663 6731 8195 3037 4915 77 5949 8734 3469 3081 2315 2413 5374 7642 1455 7385 2178 8799 3709 9747 1381 9042 3161 1086 3203 5256 5150 6445 7138 924 9353 696 9446 4474 8812 2898 2483 1164 5282 8318 7253 4070 4150 6073 8311
5670 7211 8060 5890 2154 6001 8870 3134 5932 421 2032 1734 4749 9103 7256 7263 1459 8932 2519 6982 7037 1772 4526 9786 4729 4908 8819 3514 4107 9442 4403 3563 1798 1870 8153 9230 4977 5316 2075 5297 5801 2455 6155 6487 8520 2355 8881 9094 2098 4898 2836 9875 8733 182 7718 3341 819 9858 2398 5085 786 8519 7427 8671 846 5728 1559 573 6919 2980 1736 4102 9237 5987 9568 6635 4882 2283 4677 3219 7220 2515 9437 828 4412 4220 4915 7045 5508 7107 163 1487 8956 8689 6490 5554 8298 2879 7349 8669
875 5818 573 7472 9005 6449 1442 8060 2563 506 5006 894 2561 3121 1833 5506 3750 5899 8329 658 2960 8135 5382 5400 6414 2830 4395 4442 8602 6356 7280 5683 5321 9740 1798 8952 3581 1115 8277 5138 7462 5352 3837 5652 8281 1558 8893 9736 508 9219 9070 7100 3602 7357 8872 7370 2752 7137 1978 6714 801 4618 392 1476 7384 4177 6006 3395 2539 4057 7607 4381 1686 3961 5045 9446 944 6383 6666 388 2914 5336 2206 2271 6079 45 2097 6141 2846 9430 9971 6188 2074 3931 7953 3302 1956 7862 8752 2391
6163 6340 3415 4759 8481 2192 2322 6027 937 5043 7988 1701 7822 5470 7737 69 8748 1465 8676 3856 1439 7364 9652 786 2950 7048 1295 1754 641 7926 4807 9327 1375 5257 5431 2770 9113 286 9566 4838 8350 6455 9548 8492 3804 2517 7025 8147 5236 2494 7641 6615 8513 6550 3301 3906 7905 4636 8227 9999 965 1717 2134 3832 4851 8957 7044 9453 6846 180 1754 4846 614 430 8428 6312 5694 5195 8737 6786 3138 9820 7422 114 7113 9957 1063 4102 7991 9782 2589 3798 3119 8897 1086 80 5959 4434 7603 4466
2769 9751 3557 1093 5633 4863 1546 9985 5220 6232 7651 9542 8968 5155 9847 524 2602 6250 8469 3194 705 7355 7126 8218 3821 291 7426 7811 6719 135 3689 5397 5066 1458 2474 1051 9893 4120 7455 8506 942 579 6986 1087 7282 3479 9168 2950 7227 6611 4742 5364 3235 2025 257 1660 6742 5820 9879 150 5548 9374 2598 3197 3552 8453 9744 464 3293 1326 1027 3000 169 4364 7626 5581 1756 6211 9763 7662 8408 7205 5786 5820 5262 5535 4445 1670 6343 3068 3950 1987 6901 9576 378 494 1001 324 2394 3907
2762 1799 2212 7162 9861 5985 5596 6797 4749 9941 3210 1765 1098 1746 5686 9696 5027 6824 9486 8269 3122 7598 4207 4768 5054 4961 6753 8338 388 1337 4266 3747 3445 6455 8422 250 237 1815 83 8824 4109 1746 3879 3313 1387 5149 5019 9088 2163 672 9675 5755 4312 2797 5492 4463 7012 2631 7305 8037 8539 5382 1904 4808 9252 7817 5733 2366 7171 8684 9801 5111 2729 5048 4506 6019 9075 3057 8745 162 4073 2461 1362 1626 8204 755 1205 572 3753 9237 3795 5999 1167 7944 435 2145 5730 7146 1593 8277
99 0
0 99
